Time (s) 	 Position (mm) 	 Delay (s) 	 X 	 Y 	 R 	 theta 
#Without Preamplifier,searching for the GaP signal, ZnTe detector angle 40deg, Chopper 230Hz, time constant=0.1s 18dB, waiting time= 0.9s, sensitivity=20mV
1.4236	6.6	4.4030579999999994e-11	-8.48775e-05	-1.33515e-05	8.77385e-05	-172.404
2.9101	6.604	4.40572652e-11	-7.24797e-05	-1.71663e-05	7.43871e-05	-164.34
4.6328	6.608	4.40839504e-11	-0.000113488	1.14442e-05	0.000122071	177.246
6.0889	6.612	4.4110635599999995e-11	-8.48775e-05	-4.67303e-05	0.000100136	-154.266
7.5434	6.616	4.4137320799999994e-11	-7.82018e-05	-2.28883e-05	8.10628e-05	-166.758
9.0019	6.62	4.4164006e-11	-0.000102997	5.72208e-06	0.00010109	178.854
10.4903	6.624	4.4190691199999996e-11	-0.000107766	-5.14986e-05	0.000120163	-151.572
11.974	6.628	4.42173764e-11	-0.000104905	-2.47956e-05	0.000103951	-162.954
13.6681	6.632	4.424406159999999e-11	-7.24797e-05	-1.62126e-05	8.10628e-05	-166.176
15.1386	6.636	4.42707468e-11	-0.000121117	-4.19619e-05	0.000121117	-161.766
16.8388	6.64	4.4297431999999996e-11	-1.90736e-05	-1.52589e-05	2.57493e-05	-148.134
18.2968	6.644	4.43241172e-11	-7.82018e-05	-1.33515e-05	7.91554e-05	-174.846
20.0072	6.648	4.43508024e-11	-6.8665e-05	-1.62126e-05	6.77113e-05	-171.21
21.4806	6.652	4.4377487599999997e-11	-7.24797e-05	-2.86104e-06	6.5804e-05	-178.266
22.9464	6.656	4.4404172799999995e-11	-8.20165e-05	-4.19619e-05	8.96459e-05	-153.246
24.4389	6.66	4.4430858e-11	-7.91554e-05	-7.62945e-06	8.29701e-05	-171.048
25.9028	6.664	4.44575432e-11	-7.43871e-05	-4.00546e-05	8.58312e-05	-151.494
27.3566	6.668	4.4484228399999996e-11	-0.000100136	-8.48775e-05	0.000129701	-141.294
28.8345	6.672	4.4510913599999994e-11	-0.000105858	-1.33515e-05	8.86922e-05	-169.044
30.2865	6.676	4.45375988e-11	-0.000102044	-4.29156e-05	0.000116349	-158.916
32.0029	6.68	4.4564284e-11	-9.82289e-05	-3.71935e-05	0.000110627	-157.764
33.4542	6.684	4.45909692e-11	-3.05178e-05	-2.3842e-05	3.52862e-05	-144.726
35.195	6.688	4.4617654399999993e-11	-8.20165e-05	-2.47956e-05	8.10628e-05	-159.228
36.6539	6.692	4.46443396e-11	-7.91554e-05	-2.9564e-05	8.67848e-05	-160.608
38.1273	6.696	4.4671024799999996e-11	-9.82289e-05	-3.81472e-05	0.000105858	-161.112
39.5806	6.7	4.469771e-11	-8.29701e-05	-3.81472e-05	9.53679e-05	-151.236
41.0684	6.704	4.472439519999999e-11	-6.10356e-05	-3.81472e-05	7.43871e-05	-142.938
42.5223	6.708	4.47510804e-11	-5.14986e-05	-3.71935e-05	6.96187e-05	-146.886
43.9771	6.712	4.4777765599999996e-11	-6.5804e-05	-3.62399e-05	7.91554e-05	-150.54
45.4288	6.716	4.48044508e-11	-7.1526e-05	-3.14715e-05	7.53407e-05	-153.888
47.1773	6.72	4.4831136e-11	-6.00817e-05	-4.10082e-05	7.24797e-05	-149.67
48.6298	6.724	4.4857821199999997e-11	-7.05724e-05	-1.14442e-05	6.67577e-05	-170.91
50.3554	6.728	4.4884506399999995e-11	-7.91554e-05	-2.76567e-05	7.91554e-05	-154.32
51.7976	6.732	4.49111916e-11	-6.67577e-05	1.33515e-05	6.67577e-05	174.804
53.2485	6.736	4.49378768e-11	-8.58312e-05	-3.43325e-05	8.58312e-05	-163.434
54.7278	6.74	4.4964561999999996e-11	-0.000113488	-5.81744e-05	0.000130654	-152.79
56.1618	6.744	4.4991247199999994e-11	-6.48503e-05	-2.47956e-05	7.05724e-05	-159.444
57.614	6.748	4.50179324e-11	-6.48503e-05	-2.47956e-05	8.10628e-05	-168.516
59.0926	6.752	4.50446176e-11	-9.91826e-05	-2.76567e-05	0.000103951	-164.874
60.5953	6.756	4.50713028e-11	-9.91826e-05	-2.47956e-05	0.000105858	-164.154
62.3003	6.76	4.5097987999999993e-11	-9.15532e-05	-1.62126e-05	9.15532e-05	-167.964
63.7898	6.764	4.51246732e-11	-0.000113488	-3.62399e-05	0.000112534	-166.302
65.5361	6.768	4.5151358399999996e-11	-7.53407e-05	-4.67303e-05	8.48775e-05	-148.242
66.9771	6.772	4.51780436e-11	-9.15532e-05	-2.6703e-05	9.44142e-05	-165.378
68.4429	6.776	4.52047288e-11	-7.24797e-05	-2.28883e-05	7.72481e-05	-160.71
69.9007	6.78	4.5231414e-11	-6.00817e-05	-7.62945e-06	6.8665e-05	-173.136
71.3749	6.784	4.5258099199999995e-11	-9.53679e-05	-4.67303e-05	0.000109673	-153.738
72.8088	6.788	4.52847844e-11	-4.29156e-05	-4.48229e-05	5.6267e-05	-128.886
74.2844	6.792	4.53114696e-11	-4.76839e-05	-6.96187e-05	8.58312e-05	-125.838
75.7384	6.796	4.5338154799999997e-11	-0.000108719	2.19346e-05	0.000112534	169.218
77.2068	6.8	4.5364839999999995e-11	-7.1526e-05	-2.47956e-05	7.62944e-05	-159.276
78.6635	6.804	4.53915252e-11	-0.000115395	-5.9128e-05	0.000136376	-154.296
80.3895	6.808	4.54182104e-11	-9.05995e-05	-1.33515e-05	0.000102997	-172.17
81.8468	6.812	4.54448956e-11	-0.000117302	-9.5368e-06	0.000116349	-175.374
83.3139	6.816	4.5471580799999994e-11	-8.01091e-05	-1.90736e-05	7.91554e-05	-166.896
84.7524	6.82	4.5498266e-11	-7.05724e-05	-2.86103e-05	7.82018e-05	-158.55
86.2253	6.824	4.55249512e-11	-6.48503e-05	-4.19619e-05	6.96187e-05	-153.936
87.6677	6.828	4.55516364e-11	-8.10628e-05	-3.14715e-05	8.48775e-05	-159.978
89.1508	6.832	4.55783216e-11	-9.63216e-05	-2.86104e-06	9.44142e-05	-177.18
90.6236	6.836	4.56050068e-11	-7.91554e-05	-4.00546e-05	8.67848e-05	-153.84
92.0771	6.84	4.5631691999999996e-11	-9.44142e-05	6.48503e-05	0.000104905	141.462
93.5174	6.844	4.56583772e-11	-8.48775e-05	-7.34334e-05	0.000110627	-138.426
94.9732	6.848	4.56850624e-11	-0.000115395	-6.00817e-05	0.000124932	-150.102
96.4136	6.852	4.57117476e-11	-9.05995e-05	1.71663e-05	9.05995e-05	166.068
97.8852	6.856	4.5738432799999995e-11	-0.000100136	-2.0981e-05	0.00010109	-168.324
99.3558	6.86	4.5765118e-11	-4.76839e-05	-4.86376e-05	6.2943e-05	-140.196
100.8248	6.864	4.57918032e-11	-0.000121117	-6.00817e-05	0.000132562	-156.42
102.2993	6.868	4.58184884e-11	-9.25069e-05	-4.29156e-05	9.91826e-05	-156.852
103.7712	6.872	4.5845173599999995e-11	-9.44142e-05	-3.05178e-05	0.000105858	-163.134
105.2254	6.876	4.58718588e-11	-9.34605e-05	-4.76839e-05	9.82289e-05	-156.324
106.7154	6.88	4.5898544e-11	-0.000104905	-4.10082e-05	0.000115395	-161.052
108.2009	6.884	4.59252292e-11	-0.00011158	-5.3406e-05	0.000121117	-154.866
109.6541	6.888	4.5951914399999994e-11	-6.8665e-05	-2.47956e-05	7.24797e-05	-165.84
111.1261	6.892	4.59785996e-11	-7.82018e-05	-3.14715e-05	8.39238e-05	-166.734
112.5801	6.896	4.6005284799999997e-11	-0.000108719	-5.6267e-05	0.000116349	-150.912
114.2887	6.9	4.603197e-11	-9.25069e-05	-4.19619e-05	9.82289e-05	-154.842
115.7524	6.904	4.60586552e-11	-0.000107766	-3.62399e-05	0.000114441	-162.09
117.4792	6.908	4.60853404e-11	-8.96459e-05	-4.7684e-06	9.15532e-05	-177.096
118.9125	6.912	4.6112025599999996e-11	-7.34334e-05	-1.14442e-05	6.38966e-05	-168.69
120.3846	6.916	4.61387108e-11	-7.62944e-05	-4.95913e-05	8.86922e-05	-145.332
121.8359	6.92	4.6165396e-11	-7.1526e-05	-3.14715e-05	7.53407e-05	-156.138
123.3322	6.924	4.61920812e-11	-0.000106812	-4.67303e-05	0.000117302	-159.906
124.7857	6.928	4.6218766399999995e-11	-9.82289e-05	-6.67575e-06	0.000102044	-173.862
126.2675	6.932	4.62454516e-11	-7.91554e-05	-2.00273e-05	8.86922e-05	-163.608
127.743	6.936	4.62721368e-11	-8.20165e-05	-2.47956e-05	8.77385e-05	-165.21
129.4705	6.94	4.6298822e-11	-0.000110627	-4.86376e-05	0.000114441	-154.638
130.9259	6.944	4.6325507199999995e-11	-0.000133515	-4.48229e-05	0.000136376	-161.652
132.6533	6.948	4.63521924e-11	-0.000136376	-5.53133e-05	0.000144006	-156.372
134.1104	6.952	4.63788776e-11	-9.63216e-05	-3.52862e-05	9.91826e-05	-160.452
135.577	6.956	4.64055628e-11	-0.000118256	-5.6267e-05	0.000124932	-154.866
137.0685	6.96	4.6432248e-11	-9.34605e-05	-9.5368e-06	9.15532e-05	-175.236
138.5552	6.964	4.64589332e-11	-6.2943e-05	-2.9564e-05	8.20165e-05	-162.108
140.0078	6.968	4.6485618399999997e-11	-8.86922e-05	-1.43052e-05	8.20165e-05	-168.138
141.4665	6.972	4.65123036e-11	-9.53679e-05	-1.71663e-05	9.72752e-05	-172.974
142.9225	6.976	4.65389888e-11	-7.62944e-05	-1.71663e-05	7.43871e-05	-164.124
144.3731	6.98	4.6565674e-11	-9.25069e-05	6.67575e-06	9.63216e-05	174.174
145.8566	6.984	4.6592359199999996e-11	-0.000108719	-1.04905e-05	0.000108719	-177.558
147.328	6.988	4.66190444e-11	-5.6267e-05	9.5368e-06	6.19893e-05	177.078
148.7833	6.992	4.66457296e-11	-9.72752e-05	-4.00546e-05	9.91826e-05	-154.842
150.2469	6.996	4.6672414800000003e-11	-0.000102044	-7.24797e-05	0.000122071	-140.472
151.7019	7.0	4.6699099999999995e-11	-9.15532e-05	-1.62126e-05	9.05995e-05	-166.782
153.1646	7.004	4.6725785199999993e-11	-8.39238e-05	-6.67575e-06	8.39238e-05	-175.602
154.6283	7.008	4.67524704e-11	-6.00817e-05	-3.24252e-05	6.5804e-05	-147.096
156.0934	7.012	4.6779155599999996e-11	-9.91826e-05	-4.95913e-05	0.000106812	-152.952
157.5798	7.016	4.68058408e-11	-8.01091e-05	-1.04905e-05	7.34334e-05	-175.8
159.3059	7.02	4.683252599999999e-11	-9.34605e-05	3.81472e-05	0.000102044	155.736
160.7778	7.024	4.68592112e-11	-9.34605e-05	-2.9564e-05	9.05995e-05	-163.056
162.4799	7.028	4.6885896399999995e-11	-6.96187e-05	-2.6703e-05	7.34334e-05	-157.536
163.9268	7.032	4.69125816e-11	-0.000102044	-4.67303e-05	0.000108719	-154.704
165.3819	7.036	4.693926679999999e-11	-6.67577e-05	-5.9128e-05	9.53679e-05	-143.748
166.8541	7.04	4.6965951999999997e-11	-5.9128e-05	-7.62945e-06	5.0545e-05	177.708
168.3307	7.044	4.6992637199999995e-11	-5.6267e-05	-4.00546e-05	6.67577e-05	-145.056
169.7805	7.048	4.70193224e-11	-7.82018e-05	-2.28883e-05	7.72481e-05	-163.92
171.2563	7.052	4.70460076e-11	-8.29701e-05	-3.62399e-05	9.44142e-05	-156.954
172.7077	7.056	4.7072692799999996e-11	-9.53679e-05	-4.7684e-06	9.63216e-05	-177.216
174.4538	7.06	4.7099377999999994e-11	-9.82289e-05	-7.62945e-06	9.63216e-05	-171.072
175.9051	7.064	4.71260632e-11	-9.53679e-05	-4.00546e-05	0.00010109	-156.264
177.6498	7.068	4.71527484e-11	-0.000109673	-2.00273e-05	9.72752e-05	-169.806
179.1192	7.072	4.7179433599999995e-11	-6.77113e-05	-4.95913e-05	8.39238e-05	-144.204
180.5951	7.076	4.7206118799999993e-11	-0.000124932	-3.81473e-06	0.000123979	-177.216
182.0454	7.08	4.7232804e-11	-8.48775e-05	-3.81472e-05	9.44142e-05	-151.698
183.5417	7.084	4.7259489199999996e-11	-0.000104905	-3.62399e-05	0.000105858	-159.228
184.9953	7.088	4.72861744e-11	-0.000109673	-5.3406e-05	0.000120163	-154.29
186.4653	7.092	4.731285959999999e-11	-8.48775e-05	-2.6703e-05	8.39238e-05	-162.594
187.931	7.096	4.73395448e-11	-9.34605e-05	1.33515e-05	9.72752e-05	171.924
189.4269	7.1	4.7366229999999995e-11	-8.01091e-05	0.0	7.82018e-05	-174.672
190.8811	7.104	4.73929152e-11	-0.000106812	9.5368e-06	0.000113488	177.486
192.5852	7.108	4.74196004e-11	-5.14986e-05	-4.86376e-05	6.67577e-05	-136.638
194.0598	7.112	4.7446285599999996e-11	-7.24797e-05	-3.62399e-05	7.91554e-05	-151.128
195.5123	7.116	4.7472970799999995e-11	-9.82289e-05	-1.43052e-05	9.72752e-05	-172.092
196.9733	7.12	4.7499656e-11	-7.05724e-05	-1.43052e-05	6.96187e-05	-173.478
198.4393	7.124	4.75263412e-11	-0.000104905	5.72208e-06	0.000104905	177.798
199.9016	7.128	4.7553026399999996e-11	-7.34334e-05	1.90736e-06	6.8665e-05	178.854
201.3566	7.132	4.7579711599999994e-11	-0.000102997	-1.52589e-05	0.000107766	-166.8
202.8422	7.136	4.76063968e-11	-7.53407e-05	3.81473e-06	6.48503e-05	179.4
204.5837	7.14	4.7633081999999997e-11	-0.000100136	-2.57493e-05	0.000102997	-167.31
206.0425	7.144	4.76597672e-11	-5.14986e-05	-2.28883e-05	5.24523e-05	-152.784
207.7301	7.148	4.768645239999999e-11	-0.000113488	-4.00546e-05	0.000112534	-161.898
209.2023	7.152	4.77131376e-11	-7.43871e-05	-6.96187e-05	0.00010109	-138.492
210.6756	7.156	4.7739822799999996e-11	-8.20165e-05	-3.91009e-05	8.77385e-05	-150.36
212.1432	7.16	4.7766508e-11	-7.82018e-05	-1.90736e-05	7.34334e-05	-163.554
213.6371	7.164	4.779319319999999e-11	-6.96187e-05	3.81473e-06	7.1526e-05	-177.324
215.122	7.168	4.78198784e-11	-7.82018e-05	2.86104e-06	8.10628e-05	-176.796
216.5785	7.172	4.7846563599999995e-11	-0.000100136	-3.52862e-05	0.000105858	-159.864
218.0644	7.176	4.78732488e-11	-8.48775e-05	-3.05178e-05	8.77385e-05	-158.61
219.755	7.18	4.7899934e-11	-7.34334e-05	-1.71663e-05	7.91554e-05	-167.94
221.232	7.184	4.7926619199999996e-11	-0.000106812	-5.3406e-05	0.000121117	-155.532
222.923	7.188	4.7953304399999995e-11	-0.000105858	-2.00273e-05	0.000113488	-171.732
224.3763	7.192	4.79799896e-11	-7.1526e-05	-2.9564e-05	7.72481e-05	-159.21
225.8518	7.196	4.80066748e-11	-8.86922e-05	-1.33515e-05	8.77385e-05	-171.45
227.3116	7.2	4.8033359999999996e-11	-8.10628e-05	-4.95913e-05	8.67848e-05	-151.848
228.7943	7.204	4.8060045199999994e-11	-0.000106812	-2.28883e-05	0.000110627	-166.542
230.2453	7.208	4.80867304e-11	-0.000117302	-7.34334e-05	0.000135423	-148.296
231.7381	7.212	4.8113415599999997e-11	-6.67577e-05	-3.62399e-05	7.1526e-05	-147.936
233.1771	7.216	4.81401008e-11	-9.53679e-05	-1.43052e-05	9.53679e-05	-176.028
234.8911	7.22	4.816678599999999e-11	-8.86922e-05	-6.67575e-06	8.77385e-05	-173.856
236.3426	7.224	4.81934712e-11	-8.67848e-05	-9.5368e-06	8.39238e-05	-172.704
238.0651	7.228	4.8220156399999996e-11	-8.01091e-05	-6.00817e-05	0.000100136	-141.222
239.541	7.232	4.82468416e-11	-7.82018e-05	-2.6703e-05	7.91554e-05	-160.056
241.0143	7.236	4.82735268e-11	-6.67577e-05	-2.76567e-05	7.53407e-05	-159.102
242.4877	7.24	4.8300212e-11	-8.77385e-05	-1.71663e-05	8.67848e-05	-171.426
243.9426	7.244	4.8326897199999995e-11	-7.53407e-05	-2.6703e-05	7.91554e-05	-162.474
245.3951	7.248	4.83535824e-11	-6.96187e-05	-3.05178e-05	6.5804e-05	-150.774
246.8759	7.252	4.83802676e-11	-5.3406e-05	-3.43325e-05	6.8665e-05	-143.976
248.338	7.256	4.8406952799999996e-11	-8.20165e-05	-2.57493e-05	8.48775e-05	-165.744
250.0451	7.26	4.8433637999999994e-11	-4.67303e-05	-5.53133e-05	7.43871e-05	-137.79
251.5175	7.264	4.84603232e-11	-3.33788e-05	-4.48229e-05	5.9128e-05	-130.734
253.2424	7.268	4.84870084e-11	-0.00011158	-2.47956e-05	0.000105858	-167.67
254.7035	7.272	4.85136936e-11	-0.000122071	-5.53133e-05	0.000130654	-156.216
256.1606	7.276	4.8540378799999994e-11	-8.96459e-05	-4.29156e-05	9.63216e-05	-155.226
257.6236	7.28	4.8567064e-11	-0.000121117	-5.81744e-05	0.000129701	-154.512
259.0969	7.284	4.8593749199999997e-11	-0.000113488	-2.00273e-05	0.000116349	-169.398
260.5731	7.288	4.86204344e-11	-6.10356e-05	3.81473e-06	6.2943e-05	-177.138
262.0428	7.292	4.86471196e-11	-8.29701e-05	-3.14715e-05	9.25069e-05	-163.38
263.4949	7.296	4.86738048e-11	-5.3406e-05	-2.86104e-06	5.53133e-05	176.748
264.9501	7.3	4.8700489999999996e-11	-8.86922e-05	-1.33515e-05	8.77385e-05	-168.516
266.411	7.304	4.87271752e-11	-7.53407e-05	-2.86104e-06	6.38966e-05	-174.162
268.1131	7.308	4.87538604e-11	-9.15532e-05	-2.47956e-05	9.53679e-05	-167.214
269.6092	7.312	4.87805456e-11	-7.62944e-05	-5.81744e-05	9.72752e-05	-144.144
271.0759	7.316	4.8807230799999995e-11	-9.63216e-05	-1.62126e-05	0.000102044	-171.282
272.8	7.32	4.8833916e-11	-3.81472e-05	-1.71663e-05	4.38693e-05	-162.6
274.3087	7.324	4.88606012e-11	-5.53133e-05	1.04905e-05	5.9128e-05	169.692
276.0312	7.328	4.88872864e-11	-7.72481e-05	-5.9128e-05	9.34605e-05	-141.342
277.506	7.332	4.8913971599999994e-11	-0.000108719	-5.72208e-06	9.44142e-05	-179.58
278.9803	7.336	4.89406568e-11	-6.10356e-05	-7.62945e-06	6.5804e-05	-174.018
280.4656	7.34	4.8967342e-11	-7.53407e-05	-9.5368e-06	6.5804e-05	-174.75
281.9207	7.344	4.89940272e-11	-7.34334e-05	-3.81472e-05	7.34334e-05	-148.674
283.4062	7.348	4.9020712399999994e-11	-7.91554e-05	2.19346e-05	9.53679e-05	167.904
284.878	7.352	4.90473976e-11	-6.19893e-05	9.53682e-07	6.8665e-05	-173.598
286.3318	7.356	4.9074082799999996e-11	-0.000135423	-2.6703e-05	0.000130654	-165.318
287.7927	7.36	4.9100768e-11	-7.91554e-05	1.90736e-05	8.58312e-05	171.384
289.2541	7.364	4.91274532e-11	-0.000123025	-2.6703e-05	0.000114441	-164.622
290.9897	7.368	4.91541384e-11	-7.82018e-05	-1.14442e-05	7.62944e-05	-172.506
292.4746	7.372	4.9180823599999996e-11	-7.43871e-05	-3.52862e-05	7.82018e-05	-150.804
293.9621	7.376	4.92075088e-11	-0.000113488	1.52589e-05	0.000105858	168.618
295.4172	7.38	4.9234194e-11	-6.2943e-05	-3.05178e-05	6.77113e-05	-154.92
296.8755	7.384	4.9260879199999997e-11	-7.43871e-05	-3.71935e-05	9.72752e-05	-158.748
298.3615	7.388	4.9287564399999995e-11	-9.91826e-05	4.7684e-06	9.34605e-05	179.184
299.8158	7.392	4.93142496e-11	-8.86922e-05	-5.3406e-05	9.63216e-05	-148.968
301.3006	7.396	4.93409348e-11	-6.2943e-05	-2.3842e-05	6.77113e-05	-157.68
302.7694	7.4	4.936762e-11	-0.000135423	-3.52862e-05	0.000141145	-166.746
304.2628	7.404	4.9394305199999994e-11	-8.20165e-05	-4.7684e-06	8.48775e-05	-177.816
305.9665	7.408	4.94209904e-11	-6.48503e-05	-1.81199e-05	6.19893e-05	-162.348
307.4597	7.412	4.94476756e-11	-0.000118256	-4.10082e-05	0.000113488	-158.862
308.9134	7.416	4.94743608e-11	-6.19893e-05	-2.86104e-06	6.2943e-05	-177.018
310.3525	7.42	4.9501046e-11	-7.43871e-05	-2.28883e-05	7.43871e-05	-158.964
311.8513	7.424	4.95277312e-11	-6.48503e-05	-2.76567e-05	5.9128e-05	-158.196
313.315	7.428	4.9554416399999996e-11	-8.01091e-05	-1.14442e-05	7.53407e-05	-171.798
314.7676	7.432	4.95811016e-11	-0.000118256	-3.71935e-05	0.000123025	-162.252
316.2173	7.436	4.96077868e-11	-9.15532e-05	-4.00546e-05	9.91826e-05	-157.56
317.6738	7.44	4.9634472e-11	-9.82289e-05	-2.86103e-05	9.91826e-05	-162.534
319.1647	7.444	4.9661157199999996e-11	-0.000128747	-2.47956e-05	0.00012684	-171.3
320.8867	7.448	4.96878424e-11	-8.29701e-05	-7.82018e-05	0.00011158	-131.634
322.3508	7.452	4.97145276e-11	-8.20165e-05	-2.00273e-05	8.48775e-05	-169.218
323.8164	7.456	4.97412128e-11	-9.63216e-05	-5.3406e-05	0.000107766	-149.406
325.2996	7.46	4.9767897999999995e-11	-9.34605e-05	-2.28883e-05	9.44142e-05	-169.086
326.7428	7.464	4.97945832e-11	-8.39238e-05	1.52589e-05	7.82018e-05	170.868
328.2122	7.468	4.98212684e-11	-6.96187e-05	-3.62399e-05	8.10628e-05	-149.352
329.6858	7.472	4.98479536e-11	-0.00011158	6.67575e-06	9.72752e-05	172.77
331.1583	7.476	4.9874638799999994e-11	-9.15532e-05	1.90736e-06	9.05995e-05	179.154
332.905	7.48	4.9901324e-11	-0.000100136	-3.14715e-05	0.000100136	-162.048
334.3696	7.484	4.99280092e-11	-5.81744e-05	-4.95913e-05	7.24797e-05	-139.572
336.0849	7.488	4.99546944e-11	-6.96187e-05	-9.5368e-06	6.38966e-05	-167.862
337.5515	7.492	4.99813796e-11	-9.34605e-05	-5.24523e-05	0.000113488	-153.72
339.0112	7.496	5.00080648e-11	-0.000108719	-1.04905e-05	0.000107766	-170.076
340.5166	7.5	5.0034749999999996e-11	-9.82289e-05	-7.62945e-06	9.15532e-05	-175.668
341.9817	7.504	5.0061435199999994e-11	-0.000106812	-1.90736e-05	0.000113488	-171.87
343.4513	7.508	5.00881204e-11	-9.91826e-05	-2.3842e-05	0.00010109	-165.966
344.9258	7.512	5.01148056e-11	-0.000122071	-5.81744e-05	0.000135423	-154.194
346.3775	7.516	5.0141490799999995e-11	-7.1526e-05	-4.86376e-05	8.86922e-05	-151.026
348.1212	7.52	5.0168175999999994e-11	-9.15532e-05	-5.14986e-05	9.91826e-05	-152.904
349.5766	7.524	5.01948612e-11	-7.62944e-05	-4.29156e-05	7.43871e-05	-141.666
351.3221	7.528	5.0221546399999997e-11	-0.000105858	-3.33788e-05	0.000114441	-164.19
352.7764	7.532	5.0248231599999995e-11	-7.24797e-05	-5.0545e-05	8.96459e-05	-148.086
354.247	7.536	5.027491679999999e-11	-0.00011158	-4.86376e-05	0.000115395	-154.32
355.7227	7.54	5.0301602e-11	-0.00011158	-3.05178e-05	0.000121117	-164.358
357.1894	7.544	5.0328287199999996e-11	-9.44142e-05	-2.6703e-05	9.25069e-05	-158.274
358.6664	7.548	5.03549724e-11	-5.81744e-05	-3.33788e-05	6.48503e-05	-147.75
360.1356	7.552	5.038165759999999e-11	-7.24797e-05	-5.3406e-05	8.58312e-05	-145.536
361.6014	7.556	5.04083428e-11	-7.1526e-05	-1.90736e-05	7.43871e-05	-159.678
363.0655	7.56	5.0435027999999995e-11	-4.67303e-05	-4.29156e-05	5.81744e-05	-132.276
364.5198	7.564	5.04617132e-11	-7.62944e-05	-6.00817e-05	9.34605e-05	-139.668
366.2432	7.568	5.04883984e-11	-6.48503e-05	2.00273e-05	6.38966e-05	156.474
367.6961	7.572	5.0515083599999996e-11	-8.58312e-05	7.62945e-06	8.39238e-05	-179.544
369.1908	7.576	5.0541768799999994e-11	-9.91826e-05	-1.43052e-05	9.44142e-05	-169.584
370.6572	7.58	5.0568454e-11	-8.48775e-05	-4.48229e-05	9.25069e-05	-146.31
372.1088	7.584	5.05951392e-11	-8.29701e-05	-9.53682e-07	8.39238e-05	-176.868
373.5859	7.588	5.0621824399999995e-11	-7.1526e-05	-3.81473e-06	7.24797e-05	-177.396
375.086	7.592	5.0648509599999994e-11	-9.25069e-05	-6.48503e-05	0.000110627	-145.236
376.5562	7.596	5.06751948e-11	-9.05995e-05	-2.47956e-05	8.58312e-05	-160.71
378.0106	7.6	5.0701879999999996e-11	-0.000104905	2.0981e-05	0.000109673	171.57
379.5147	7.604	5.07285652e-11	-0.000105858	-4.48229e-05	0.000120163	-153.018
381.2297	7.608	5.075525039999999e-11	-7.53407e-05	-2.00273e-05	7.05724e-05	-154.176
382.6992	7.612	5.07819356e-11	-9.63216e-05	-7.62945e-06	8.39238e-05	-175.314
384.1398	7.616	5.0808620799999996e-11	-5.53133e-05	-1.90736e-06	6.19893e-05	178.314
385.5969	7.62	5.0835306e-11	-7.82018e-05	-9.53682e-07	8.48775e-05	178.71
387.0615	7.624	5.086199119999999e-11	-0.000121117	-3.71935e-05	0.000125886	-162.828
388.537	7.628	5.0888676399999997e-11	-8.86922e-05	2.19346e-05	8.58312e-05	169.572
389.9958	7.632	5.0915361599999995e-11	-0.000113488	-5.53133e-05	0.000132562	-153.69
391.4912	7.636	5.09420468e-11	-7.82018e-05	-2.47956e-05	7.62944e-05	-159.93
392.9456	7.64	5.0968732e-11	-6.5804e-05	0.0	6.38966e-05	176.988
394.4194	7.644	5.0995417199999996e-11	-9.25069e-05	-2.86104e-06	9.34605e-05	-174.216
396.1341	7.648	5.1022102399999994e-11	-8.67848e-05	-4.48229e-05	0.000104905	-153.132
397.608	7.652	5.10487876e-11	-8.67848e-05	3.81473e-06	9.05995e-05	-176.214
399.0538	7.656	5.10754728e-11	-9.34605e-05	-2.0981e-05	8.77385e-05	-164.982
400.5167	7.66	5.1102157999999995e-11	-4.86376e-05	-3.52862e-05	6.10356e-05	-147.864
402.0123	7.664	5.1128843199999993e-11	-5.6267e-05	-4.48229e-05	7.05724e-05	-148.572
403.4767	7.668	5.11555284e-11	-9.05995e-05	-3.43325e-05	0.000103951	-159.612
404.9412	7.672	5.1182213599999996e-11	-7.24797e-05	-3.62399e-05	7.53407e-05	-151.836
406.4171	7.676	5.12088988e-11	-7.82018e-05	-8.67848e-05	0.00011921	-138.396
407.8863	7.68	5.123558399999999e-11	-6.48503e-05	3.81473e-06	6.8665e-05	172.944
409.3268	7.684	5.12622692e-11	-8.48775e-05	8.58313e-06	7.72481e-05	173.436
411.0807	7.688	5.1288954399999996e-11	-8.20165e-05	-4.95913e-05	9.05995e-05	-157.314
412.555	7.692	5.13156396e-11	-0.000118256	-4.7684e-06	0.000116349	-175.476
414.0091	7.696	5.13423248e-11	-8.67848e-05	9.5368e-06	9.53679e-05	174.558
415.4942	7.7	5.1369009999999997e-11	-6.5804e-05	-3.24252e-05	7.91554e-05	-155.034
416.9681	7.704	5.1395695199999995e-11	-9.25069e-05	-1.14442e-05	9.44142e-05	-172.326
418.4411	7.708	5.14223804e-11	-5.9128e-05	3.24252e-05	6.5804e-05	154.512
419.9322	7.712	5.14490656e-11	-8.86922e-05	-2.19346e-05	9.63216e-05	-174.174
421.3872	7.716	5.1475750799999996e-11	-9.34605e-05	-2.76567e-05	0.00010109	-168.114
423.1127	7.72	5.1502435999999994e-11	-7.82018e-05	-2.76567e-05	8.10628e-05	-158.61
424.5674	7.724	5.15291212e-11	-6.8665e-05	-6.48503e-05	8.77385e-05	-134.682
426.2911	7.728	5.15558064e-11	-8.86922e-05	-1.81199e-05	9.34605e-05	-169.878
427.7634	7.732	5.15824916e-11	-5.53133e-05	-2.9564e-05	5.9128e-05	-150.822
429.2167	7.736	5.1609176799999993e-11	-0.000121117	-2.9564e-05	0.00012684	-167.634
430.6948	7.74	5.1635862e-11	-8.77385e-05	2.86104e-06	8.10628e-05	176.154
432.1585	7.744	5.1662547199999996e-11	-9.82289e-05	-3.81473e-06	9.25069e-05	-174.288
433.6121	7.748	5.16892324e-11	-7.1526e-05	-6.67575e-06	7.34334e-05	-167.904
435.0695	7.752	5.17159176e-11	-6.48503e-05	1.90736e-05	6.5804e-05	166.53
436.5557	7.756	5.17426028e-11	-0.00011158	-6.67575e-06	0.000110627	-174.15
438.0503	7.76	5.1769287999999995e-11	-9.34605e-05	0.0	8.58312e-05	-178.152
439.5463	7.764	5.17959732e-11	-9.82289e-05	-4.38693e-05	0.000103951	-154.458
441.2817	7.768	5.18226584e-11	-0.00011158	-2.3842e-05	0.000107766	-166.656
442.7282	7.772	5.1849343599999997e-11	-0.000112534	-5.81744e-05	0.000127793	-156.798
444.2033	7.776	5.1876028799999995e-11	-0.000103951	3.81473e-06	0.000110627	176.988
445.709	7.78	5.1902714e-11	-9.82289e-05	-3.52862e-05	0.000108719	-167.166
447.1828	7.784	5.19293992e-11	-9.82289e-05	-6.67577e-05	0.00011921	-143.322
448.6693	7.788	5.19560844e-11	-7.53407e-05	-3.43325e-05	8.48775e-05	-152.082
450.1241	7.792	5.1982769599999994e-11	-9.15532e-05	-3.33788e-05	0.000103951	-163.302
451.579	7.796	5.20094548e-11	-7.91554e-05	-1.33515e-05	7.34334e-05	-164.562
453.0342	7.8	5.203614e-11	-8.01091e-05	-3.14715e-05	8.01091e-05	-154.926
454.5042	7.804	5.20628252e-11	-9.53679e-05	-4.76839e-05	0.000103951	-155.808
456.196	7.808	5.208951039999999e-11	-8.20165e-05	-2.47956e-05	8.39238e-05	-165.186
457.68	7.812	5.21161956e-11	-8.29701e-05	-2.86104e-06	7.62944e-05	-175.488
459.1538	7.816	5.2142880799999996e-11	-7.82018e-05	-2.6703e-05	8.10628e-05	-162.594
460.869	7.82	5.2169566e-11	-9.63216e-05	-3.14715e-05	9.34605e-05	-157.086
462.3178	7.824	5.21962512e-11	-9.34605e-05	-4.19619e-05	0.000103951	-157.656
464.0352	7.828	5.22229364e-11	-6.19893e-05	-3.43325e-05	6.67577e-05	-146.154
465.4875	7.832	5.2249621599999995e-11	-6.5804e-05	-1.62126e-05	6.10356e-05	-165.966
466.9631	7.836	5.22763068e-11	-9.15532e-05	-3.81472e-05	9.25069e-05	-149.742
468.4345	7.84	5.2302992e-11	-7.24797e-05	-5.3406e-05	9.25069e-05	-141.708
469.8908	7.844	5.2329677199999996e-11	-8.20165e-05	-5.3406e-05	9.72752e-05	-148.242
471.356	7.848	5.2356362399999995e-11	-0.000103951	-2.76567e-05	0.000105858	-167.55
472.8418	7.852	5.23830476e-11	-0.000112534	2.19346e-05	0.00012684	173.502
474.3045	7.856	5.24097328e-11	-0.000122071	-9.5368e-06	0.000115395	-178.65
476.0094	7.86	5.2436418e-11	-7.72481e-05	3.91009e-05	9.05995e-05	151.59
477.4808	7.864	5.2463103199999994e-11	-9.34605e-05	-3.33788e-05	9.72752e-05	-165.096
479.2049	7.868	5.24897884e-11	-7.82018e-05	-9.53682e-07	6.96187e-05	-176.076
480.6989	7.872	5.2516473599999997e-11	-9.44142e-05	-4.48229e-05	0.000106812	-152.16
482.1851	7.876	5.25431588e-11	-0.000102997	-3.33788e-05	0.000110627	-163.17
483.6655	7.88	5.2569844e-11	-0.000108719	-2.0981e-05	0.000112534	-170.424
485.1437	7.884	5.25965292e-11	-5.81744e-05	-1.62126e-05	6.19893e-05	-166.254
486.6108	7.888	5.2623214399999996e-11	-8.67848e-05	-1.23978e-05	9.25069e-05	-170.67
488.0872	7.892	5.26498996e-11	-5.0545e-05	-7.62945e-06	4.57766e-05	-169.176
489.5705	7.896	5.26765848e-11	-0.000108719	-4.19619e-05	0.000114441	-158.892
491.3006	7.9	5.270327e-11	-7.62944e-05	-3.81472e-05	8.29701e-05	-155.67
492.7528	7.904	5.2729955199999995e-11	-9.34605e-05	-2.0981e-05	9.05995e-05	-167.874
494.477	7.908	5.27566404e-11	-5.24523e-05	-1.81199e-05	7.05724e-05	-152.334
495.9331	7.912	5.27833256e-11	-5.6267e-05	-5.3406e-05	6.8665e-05	-123.528
497.391	7.916	5.28100108e-11	-5.72207e-05	-1.81199e-05	6.10356e-05	-164.478
498.8437	7.92	5.2836695999999994e-11	-8.01091e-05	-1.81199e-05	7.62944e-05	-168.486
500.3216	7.924	5.28633812e-11	-7.82018e-05	-3.71935e-05	8.58312e-05	-154.23
501.8066	7.928	5.28900664e-11	-9.25069e-05	-1.62126e-05	0.000106812	-170.868
503.2579	7.932	5.29167516e-11	-8.48775e-05	2.19346e-05	9.44142e-05	164.106
504.7337	7.936	5.2943436799999994e-11	-3.81472e-05	-2.3842e-05	4.29156e-05	-149.034
506.4408	7.94	5.2970122e-11	-7.62944e-05	-3.62399e-05	8.86922e-05	-156.42
507.8959	7.944	5.2996807199999997e-11	-0.000124932	-3.81472e-05	0.000125886	-163.68
509.6246	7.948	5.30234924e-11	-7.53407e-05	-3.33788e-05	8.48775e-05	-153.63
511.1001	7.952	5.30501776e-11	-8.01091e-05	-2.9564e-05	8.58312e-05	-159.6
512.5551	7.956	5.30768628e-11	-9.15532e-05	-1.81199e-05	9.15532e-05	-169.584
514.0028	7.96	5.3103547999999996e-11	-7.05724e-05	-2.00273e-05	6.38966e-05	-160.974
515.4776	7.964	5.31302332e-11	-0.000134469	-4.7684e-06	0.000133515	-173.376
516.9332	7.968	5.31569184e-11	-8.77385e-05	-6.5804e-05	0.000107766	-143.556
518.3872	7.972	5.31836036e-11	-9.15532e-05	-1.71663e-05	9.44142e-05	-169.692
519.8402	7.976	5.3210288799999995e-11	-4.95913e-05	-3.81472e-05	6.77113e-05	-146.454
521.5678	7.98	5.3236974e-11	-0.000115395	-2.6703e-05	0.000121117	-170.436
523.0721	7.984	5.32636592e-11	-0.000113488	-2.86104e-06	0.000120163	175.314
524.8038	7.988	5.32903444e-11	-0.000116349	-3.91009e-05	0.000123979	-159.048
526.2712	7.992	5.3317029599999994e-11	-6.8665e-05	-6.67577e-05	9.63216e-05	-137.202
527.7473	7.996	5.33437148e-11	-6.2943e-05	-2.6703e-05	6.38966e-05	-158.076
529.1963	8.0	5.33704e-11	-7.53407e-05	-6.00817e-05	9.82289e-05	-146.202
530.6731	8.004	5.3397085199999995e-11	-0.000118256	8.58313e-06	0.00011921	177.444
532.1266	8.008	5.3423770399999994e-11	-8.58312e-05	-4.19619e-05	9.91826e-05	-156.654
533.5791	8.012	5.34504556e-11	-9.63216e-05	-2.6703e-05	0.000104905	-167.508
535.055	8.016	5.3477140799999996e-11	-6.19893e-05	-4.19619e-05	7.05724e-05	-151.434
536.7964	8.02	5.3503825999999995e-11	-7.43871e-05	-4.57766e-05	7.91554e-05	-147.264
538.2499	8.024	5.353051119999999e-11	-5.53133e-05	-1.43052e-05	5.72207e-05	-167.682
539.7249	8.028	5.35571964e-11	-0.000124932	-2.9564e-05	0.000125886	-171.396
541.2064	8.032	5.3583881599999996e-11	-4.67303e-05	-3.43325e-05	5.72207e-05	-147.846
542.6601	8.036	5.3610566799999994e-11	-7.43871e-05	-3.62399e-05	8.01091e-05	-159.336
544.1356	8.04	5.363725199999999e-11	-9.25069e-05	-5.14986e-05	0.00010109	-148.392
545.5943	8.044	5.3663937200000003e-11	-0.000105858	2.6703e-05	0.000115395	167.436
547.3154	8.048	5.3690622399999995e-11	-9.34605e-05	-2.86104e-06	9.44142e-05	-176.4
548.7707	8.052	5.371730759999999e-11	-7.24797e-05	9.53682e-07	7.1526e-05	176.256
550.2631	8.056	5.374399279999999e-11	-0.000130654	-9.5368e-06	0.000121117	-173.232
551.7496	8.06	5.3770678e-11	-8.01091e-05	-7.34334e-05	0.00010109	-136.122
553.224	8.064	5.37973632e-11	-8.20165e-05	-3.81472e-05	8.77385e-05	-154.98
554.9307	8.068	5.382404839999999e-11	-7.53407e-05	-1.62126e-05	7.91554e-05	-171.0
556.3808	8.072	5.385073359999999e-11	-5.9128e-05	-2.00273e-05	6.2943e-05	-163.812
557.8457	8.076	5.38774188e-11	-9.53679e-05	-1.14442e-05	9.91826e-05	-174.33
559.5501	8.08	5.3904104e-11	-9.34605e-05	-3.14715e-05	0.00010109	-162.384
561.0256	8.084	5.393078919999999e-11	-8.29701e-05	-2.76567e-05	7.91554e-05	-160.146
562.4961	8.088	5.395747439999999e-11	-9.44142e-05	-1.14442e-05	9.15532e-05	-167.964
563.9507	8.092	5.39841596e-11	-8.77385e-05	-5.53133e-05	9.53679e-05	-143.544
565.436	8.096	5.40108448e-11	-7.82018e-05	-4.67303e-05	9.15532e-05	-152.496
567.1514	8.1	5.403753e-11	-9.34605e-05	-1.43052e-05	9.05995e-05	-165.864
568.6166	8.104	5.406421519999999e-11	-8.67848e-05	-3.43325e-05	9.05995e-05	-153.624
570.0729	8.108	5.40909004e-11	-8.01091e-05	-2.9564e-05	8.58312e-05	-157.38
571.5774	8.112	5.41175856e-11	-9.25069e-05	-1.14442e-05	8.77385e-05	-170.322
573.0336	8.116	5.4144270799999997e-11	-8.39238e-05	-2.0981e-05	8.20165e-05	-165.516
574.5009	8.12	5.4170955999999995e-11	-6.5804e-05	-1.04905e-05	6.77113e-05	-172.878
575.9645	8.124	5.41976412e-11	-9.53679e-05	-3.81472e-05	9.91826e-05	-159.582
577.701	8.128	5.42243264e-11	-9.82289e-05	-3.24252e-05	9.91826e-05	-159.216
579.1858	8.132	5.4251011599999996e-11	-8.48775e-05	-8.67848e-05	0.000123979	-132.846
580.6622	8.136	5.4277696799999994e-11	-5.9128e-05	-2.47956e-05	5.9128e-05	-158.076
582.1476	8.14	5.4304382e-11	-6.00817e-05	-3.81472e-05	6.2943e-05	-144.39
583.6061	8.144	5.43310672e-11	-9.63216e-05	-5.6267e-05	0.000110627	-150.642
585.3488	8.148	5.4357752399999995e-11	-9.82289e-05	-2.76567e-05	9.91826e-05	-165.144
586.8027	8.152	5.4384437599999993e-11	-8.58312e-05	-3.81473e-06	8.77385e-05	179.148
588.258	8.156	5.44111228e-11	-7.43871e-05	-2.28883e-05	7.43871e-05	-161.886
589.9523	8.16	5.4437807999999996e-11	-0.000104905	-4.00546e-05	0.000114441	-157.656
591.4358	8.164	5.4464493199999994e-11	-0.000113488	-4.7684e-06	0.00011921	176.466
592.8907	8.168	5.449117839999999e-11	-0.000102044	-2.0981e-05	0.000100136	-166.338
594.3647	8.172	5.4517863600000004e-11	-5.81744e-05	-3.62399e-05	7.1526e-05	-153.894
595.8187	8.176	5.4544548799999996e-11	-7.53407e-05	-4.86376e-05	9.72752e-05	-152.406
597.5349	8.18	5.4571233999999994e-11	-7.43871e-05	-6.48503e-05	8.96459e-05	-135.306
599.0041	8.184	5.459791919999999e-11	-0.000108719	-1.14442e-05	0.000117302	-175.848
600.4552	8.188	5.46246044e-11	-8.48775e-05	-1.33515e-05	8.01091e-05	-176.544
601.9128	8.192	5.46512896e-11	-6.19893e-05	-2.00273e-05	7.05724e-05	-163.2
603.3847	8.196	5.467797479999999e-11	-8.01091e-05	-1.62126e-05	7.91554e-05	-166.56
604.8374	8.2	5.470465999999999e-11	-0.000100136	-4.00546e-05	0.000109673	-159.036
606.298	8.204	5.47313452e-11	-8.86922e-05	-2.76567e-05	8.58312e-05	-159.708
608.0236	8.208	5.47580304e-11	-7.82018e-05	-8.20165e-05	0.000107766	-135.0
609.4783	8.212	5.478471559999999e-11	-7.62944e-05	-3.33788e-05	8.39238e-05	-160.434
610.9518	8.216	5.481140079999999e-11	-9.25069e-05	-1.71663e-05	8.77385e-05	-174.288
612.4221	8.22	5.4838086e-11	-9.53679e-05	-5.0545e-05	0.000108719	-152.028
613.8741	8.224	5.48647712e-11	-0.000129701	-5.3406e-05	0.000139237	-157.842
615.5877	8.228	5.48914564e-11	-7.34334e-05	-5.9128e-05	0.000104905	-142.308
617.0589	8.232	5.491814159999999e-11	-7.53407e-05	1.90736e-06	6.8665e-05	178.296
618.5315	8.236	5.49448268e-11	-8.20165e-05	-2.0981e-05	7.91554e-05	-166.332
620.0047	8.24	5.4971512e-11	-5.43597e-05	1.90736e-06	5.14986e-05	-179.238
621.4752	8.244	5.49981972e-11	-0.000106812	-2.76567e-05	0.000112534	-161.46
622.9234	8.248	5.5024882399999995e-11	-9.34605e-05	-3.14715e-05	0.000103951	-165.876
624.3794	8.252	5.50515676e-11	-8.20165e-05	-2.9564e-05	8.01091e-05	-159.726
625.856	8.256	5.50782528e-11	-0.000120163	0.0	0.000112534	-178.95
627.5493	8.26	5.5104937999999996e-11	-0.000110627	-6.48503e-05	0.000124932	-147.174
629.0192	8.264	5.5131623199999995e-11	-0.000108719	-4.19619e-05	0.000105858	-153.438
630.5042	8.268	5.51583084e-11	-9.15532e-05	-2.9564e-05	9.63216e-05	-156.546
632.013	8.272	5.51849936e-11	-9.25069e-05	3.81473e-06	9.53679e-05	-179.634
633.4655	8.276	5.5211678799999996e-11	-8.48775e-05	-1.14442e-05	8.77385e-05	-175.236
634.9185	8.28	5.5238363999999994e-11	-8.67848e-05	-3.05178e-05	9.15532e-05	-159.588
636.3944	8.284	5.52650492e-11	-8.58312e-05	-4.00546e-05	9.72752e-05	-155.49
638.0872	8.288	5.52917344e-11	-0.000104905	-5.24523e-05	0.000121117	-157.002
639.563	8.292	5.5318419599999995e-11	-8.86922e-05	1.23978e-05	8.77385e-05	172.548
641.0279	8.296	5.534510479999999e-11	-0.000138284	-2.6703e-05	0.000139237	-168.804
642.4831	8.3	5.5371790000000004e-11	-0.000168801	-5.3406e-05	0.000170709	-159.996
643.9526	8.304	5.5398475199999996e-11	-9.34605e-05	-9.5368e-06	9.25069e-05	-173.028
645.6807	8.308	5.5425160399999994e-11	-8.39238e-05	-6.48503e-05	0.000103951	-140.196
647.1568	8.312	5.545184559999999e-11	-9.53679e-05	-3.81473e-06	8.67848e-05	-169.734
648.6104	8.316	5.5478530800000004e-11	-8.20165e-05	-3.33788e-05	8.39238e-05	-155.292
650.0656	8.32	5.5505216e-11	-9.34605e-05	-9.5368e-06	9.44142e-05	-178.806
651.5201	8.324	5.5531901199999994e-11	-7.1526e-05	-3.62399e-05	7.91554e-05	-149.91
653.2456	8.328	5.555858639999999e-11	-0.00013733	-2.00273e-05	0.000129701	-172.386
654.7316	8.332	5.55852716e-11	-9.82289e-05	-4.48229e-05	0.000103951	-147.612
656.2185	8.336	5.56119568e-11	-8.48775e-05	-3.52862e-05	8.67848e-05	-156.168
657.9644	8.34	5.5638642e-11	-0.000109673	-4.48229e-05	0.00011921	-159.216
659.4177	8.344	5.566532719999999e-11	-8.48775e-05	-3.33788e-05	8.96459e-05	-163.998
660.8921	8.348	5.56920124e-11	-0.000131608	-1.71663e-05	0.000115395	-174.804
662.3685	8.352	5.57186976e-11	-8.86922e-05	-4.48229e-05	0.00010109	-157.236
663.8032	8.356	5.57453828e-11	-0.000100136	-1.71663e-05	0.000104905	-171.822
665.5499	8.36	5.577206799999999e-11	-0.000148774	-5.3406e-05	0.000158311	-160.734
666.9981	8.364	5.57987532e-11	-6.67577e-05	-5.72208e-06	7.24797e-05	-167.628
668.5024	8.368	5.58254384e-11	-0.000113488	-2.9564e-05	0.000120163	-163.032
669.9767	8.372	5.58521236e-11	-0.000106812	-5.14986e-05	0.00011921	-153.858
671.4456	8.376	5.5878808799999996e-11	-0.00010109	-6.2943e-05	0.000123025	-149.034
672.9008	8.38	5.5905494e-11	-6.67577e-05	-4.00546e-05	7.62944e-05	-150.996
674.3618	8.384	5.59321792e-11	-0.000117302	-3.81472e-05	0.000117302	-163.11
676.0848	8.388	5.59588644e-11	-0.000106812	-6.8665e-05	0.000127793	-150.546
677.5551	8.392	5.5985549599999995e-11	-0.000109673	-4.86376e-05	0.00011921	-155.268
679.048	8.396	5.60122348e-11	-0.000116349	-8.96459e-05	0.00014782	-141.744
680.5128	8.4	5.603892e-11	-8.67848e-05	2.86104e-06	8.86922e-05	177.864
681.9839	8.404	5.6065605199999996e-11	-0.000127793	-2.3842e-05	0.000127793	-171.276
683.7176	8.408	5.6092290399999994e-11	-0.000118256	-5.53133e-05	0.000123979	-152.736
685.1886	8.412	5.6118975600000006e-11	-0.000106812	0.0	9.91826e-05	-178.83
686.6511	8.416	5.61456608e-11	-7.24797e-05	-7.34334e-05	9.72752e-05	-132.108
688.387	8.42	5.6172345999999996e-11	-6.67577e-05	-3.33788e-05	7.91554e-05	-157.944
689.8717	8.424	5.6199031199999994e-11	-0.000106812	-3.52862e-05	0.000121117	-168.096
691.3542	8.428	5.6225716400000005e-11	-7.82018e-05	-1.62126e-05	7.24797e-05	-166.482
692.8288	8.432	5.6252401599999997e-11	-0.000106812	-7.72481e-05	0.000123979	-142.818
694.3017	8.436	5.6279086799999995e-11	-0.000146867	-6.48503e-05	0.000157357	-154.518
695.7521	8.44	5.630577199999999e-11	-0.000127793	-3.14715e-05	0.000127793	-166.62
697.2258	8.444	5.6332457200000004e-11	-0.000133515	-1.43052e-05	0.000131608	-175.02
698.6771	8.448	5.63591424e-11	-9.25069e-05	-1.14442e-05	9.91826e-05	-173.658
700.1731	8.452	5.6385827599999994e-11	-0.000108719	-3.24252e-05	0.00011158	-163.914
701.6287	8.456	5.641251279999999e-11	-0.000136376	-1.71663e-05	0.000136376	-172.59
703.0951	8.46	5.6439198000000003e-11	-8.01091e-05	-5.53133e-05	9.25069e-05	-144.606
704.5476	8.464	5.64658832e-11	-0.000144006	-4.76839e-05	0.000148774	-160.674
706.2745	8.468	5.64925684e-11	-0.000120163	3.81473e-06	0.000113488	173.814
707.7627	8.472	5.651925359999999e-11	-9.53679e-05	-3.81472e-05	9.72752e-05	-157.818
709.2176	8.476	5.65459388e-11	-0.000149728	-2.86103e-05	0.000154496	-170.898
710.6869	8.48	5.6572624e-11	-0.000105858	-1.62126e-05	0.000107766	-171.57
712.1636	8.484	5.65993092e-11	-0.000117302	-5.6267e-05	0.000134469	-153.318
713.8885	8.488	5.66259944e-11	-0.000124932	-1.52589e-05	0.000125886	-173.292
715.3603	8.492	5.66526796e-11	-9.15532e-05	2.86104e-06	9.15532e-05	-178.764
716.8331	8.496	5.66793648e-11	-0.000110627	-1.43052e-05	0.00011158	-172.296
718.5478	8.5	5.670605e-11	-0.00011158	-9.53679e-05	0.000149728	-141.024
720.0333	8.504	5.6732735199999996e-11	-0.000123979	-6.19893e-05	0.000129701	-152.892
721.4903	8.508	5.675942039999999e-11	-0.000102044	-4.19619e-05	0.000113488	-156.846
722.9699	8.512	5.67861056e-11	-0.000158311	1.90736e-06	0.000156404	179.754
724.4445	8.516	5.68127908e-11	-8.58312e-05	-5.6267e-05	0.00010109	-146.928
726.158	8.52	5.6839475999999996e-11	-8.48775e-05	-1.04905e-05	9.15532e-05	-178.788
727.5921	8.524	5.6866161199999994e-11	-0.000105858	-4.00546e-05	0.000107766	-159.528
729.0539	8.528	5.68928464e-11	-0.00012684	-4.86376e-05	0.000134469	-160.494
730.5246	8.532	5.69195316e-11	-0.000146867	-8.67848e-05	0.000163079	-147.972
731.9894	8.536	5.6946216799999995e-11	-0.000158311	-5.3406e-05	0.000158311	-159.156
733.4657	8.54	5.697290199999999e-11	-0.000146867	-4.95913e-05	0.00016594	-163.71
734.9174	8.544	5.69995872e-11	-9.15532e-05	-6.2943e-05	0.000107766	-145.326
736.6442	8.548	5.7026272399999996e-11	-0.000131608	-2.6703e-05	0.000134469	-167.532
738.1193	8.552	5.7052957599999994e-11	-0.000104905	-1.81199e-05	0.000107766	-170.538
739.5696	8.556	5.707964279999999e-11	-0.000104905	-2.00273e-05	0.000103951	-173.058
741.0245	8.56	5.7106328000000004e-11	-8.29701e-05	-2.76567e-05	8.48775e-05	-161.28
742.4992	8.564	5.7133013199999995e-11	-0.000151635	3.81473e-06	0.000153542	177.768
744.2123	8.568	5.7159698399999994e-11	-0.000140191	-1.33515e-05	0.000141145	-172.098
745.6669	8.572	5.718638359999999e-11	-0.000115395	-2.0981e-05	0.000123979	-169.752
747.1367	8.576	5.72130688e-11	-0.00014782	-4.00546e-05	0.000150681	-163.452
748.8628	8.58	5.7239753999999995e-11	-0.000133515	-8.58312e-05	0.00015545	-148.908
750.3513	8.584	5.726643919999999e-11	-0.00013733	-7.62945e-06	0.000132562	-176.82
751.8243	8.588	5.729312439999999e-11	-7.24797e-05	-6.48503e-05	9.82289e-05	-139.896
753.3141	8.592	5.73198096e-11	-0.000141145	-2.47956e-05	0.000151635	-168.402
754.797	8.596	5.73464948e-11	-0.00014782	-5.24523e-05	0.00015545	-158.838
756.5077	8.6	5.737317999999999e-11	-0.00013733	-4.86376e-05	0.000146867	-162.6
757.9792	8.604	5.739986519999999e-11	-0.000131608	-6.8665e-05	0.000145913	-155.334
759.4475	8.608	5.74265504e-11	-0.000138284	-9.34605e-05	0.000163079	-145.26
760.9261	8.612	5.74532356e-11	-0.000118256	-6.48503e-05	0.000127793	-149.874
762.4105	8.616	5.74799208e-11	-0.000117302	-4.67303e-05	0.000124932	-155.058
763.8808	8.62	5.750660599999999e-11	-9.63216e-05	-8.67848e-05	0.000130654	-142.326
765.3382	8.624	5.75332912e-11	-0.000128747	-3.05178e-05	0.000131608	-167.598
767.0791	8.628	5.75599764e-11	-0.000124932	-7.1526e-05	0.000140191	-149.604
768.55	8.632	5.75866616e-11	-0.000118256	-8.48775e-05	0.000142098	-143.238
770.0365	8.636	5.761334679999999e-11	-9.82289e-05	-9.5368e-06	9.72752e-05	-174.594
771.4894	8.64	5.7640032e-11	-0.000185967	-3.91009e-05	0.00018406	-165.714
772.9753	8.644	5.76667172e-11	-0.000133515	-9.15532e-05	0.000163079	-148.8
774.707	8.648	5.7693402399999996e-11	-0.000172616	-4.00546e-05	0.000176431	-168.432
776.1746	8.652	5.7720087599999994e-11	-0.000133515	-0.000100136	0.000156404	-141.84
777.6536	8.656	5.77467728e-11	-0.000144959	-6.8665e-05	0.000156404	-153.762
779.3587	8.66	5.7773458e-11	-0.000164033	0.0	0.000163079	180.0
780.8341	8.664	5.7800143199999996e-11	-0.000154496	-6.67577e-05	0.000171662	-157.83
782.3057	8.668	5.7826828399999994e-11	-0.00013733	-6.2943e-05	0.00015545	-153.846
783.7568	8.672	5.78535136e-11	-0.000177384	-5.14986e-05	0.000180245	-164.202
785.2295	8.676	5.7880198799999997e-11	-0.000144006	-2.0981e-05	0.00014782	-171.582
786.7158	8.68	5.7906883999999995e-11	-0.000153542	-3.24252e-05	0.000159265	-166.362
788.1705	8.684	5.793356919999999e-11	-0.000158311	-9.25069e-05	0.000183106	-150.0
789.6411	8.688	5.7960254400000004e-11	-0.000142098	-6.2943e-05	0.00014782	-152.838
791.0969	8.692	5.7986939599999996e-11	-0.000144959	-9.82289e-05	0.000174523	-146.19
792.5895	8.696	5.8013624799999994e-11	-0.000169755	-7.82018e-05	0.000189782	-155.67
794.0448	8.7	5.804030999999999e-11	-0.000150681	-4.95913e-05	0.000159265	-162.93
795.5106	8.704	5.8066995200000003e-11	-0.000153542	-4.19619e-05	0.000163079	-169.05
797.2574	8.708	5.8093680399999995e-11	-0.000142098	-6.96187e-05	0.000158311	-149.394
798.7154	8.712	5.8120365599999993e-11	-0.000164987	-6.96187e-05	0.000180245	-158.904
800.1954	8.716	5.814705079999999e-11	-0.000196458	-7.34334e-05	0.00020218	-160.644
801.6837	8.72	5.8173736e-11	-0.000196458	-8.01091e-05	0.000209809	-156.3
803.1604	8.724	5.82004212e-11	-0.000146867	-8.67848e-05	0.000176431	-153.9
804.8655	8.728	5.82271064e-11	-0.000186921	-6.48503e-05	0.000201226	-161.622
806.3369	8.732	5.82537916e-11	-0.000186921	-0.000102044	0.000215531	-152.244
807.8122	8.736	5.82804768e-11	-0.000158311	-7.1526e-05	0.000169755	-156.858
809.5056	8.74	5.8307162e-11	-0.000204087	-4.00546e-05	0.000200273	-167.514
810.9758	8.744	5.833384719999999e-11	-0.00016594	-7.1526e-05	0.000185014	-158.274
812.4276	8.748	5.836053239999999e-11	-0.000187875	-8.58312e-05	0.000207902	-157.326
813.8829	8.752	5.83872176e-11	-0.000170709	-6.77113e-05	0.000185967	-159.468
815.3576	8.756	5.84139028e-11	-0.000182153	-0.000114441	0.000218392	-150.474
817.0577	8.76	5.8440588e-11	-0.000248911	-3.14715e-05	0.000248911	-172.878
818.5049	8.764	5.84672732e-11	-0.000182153	-8.67848e-05	0.00019455	-152.208
819.9759	8.768	5.849395840000001e-11	-0.000190736	-9.82289e-05	0.000209809	-154.92
821.4508	8.772	5.852064359999999e-11	-0.000209809	-0.000117302	0.000229836	-153.438
822.9247	8.776	5.854732879999999e-11	-0.000190736	-0.000110627	0.000214578	-149.13
824.4099	8.78	5.857401399999999e-11	-0.000170709	-0.00011158	0.000206948	-144.906
825.9001	8.784	5.86006992e-11	-0.000247004	-0.000143052	0.00027466	-149.664
827.6262	8.788	5.86273844e-11	-0.000236512	-0.000106812	0.00025654	-156.054
829.1107	8.792	5.86540696e-11	-0.000228883	-0.00011158	0.000258448	-154.476
830.6025	8.796	5.86807548e-11	-0.000190736	-0.000113488	0.000218392	-149.91
832.1059	8.8	5.870744e-11	-0.000206948	-0.000103951	0.000227929	-151.77
833.571	8.804	5.87341252e-11	-0.000208856	-9.82289e-05	0.000229836	-155.802
835.0251	8.808	5.87608104e-11	-0.00019455	-8.29701e-05	0.000207902	-155.796
836.5174	8.812	5.878749559999999e-11	-0.000208856	-0.000120163	0.000236512	-150.516
837.9732	8.816	5.88141808e-11	-0.000197412	-0.000135423	0.000234605	-144.498
839.456	8.82	5.8840866e-11	-0.000200273	-0.00012684	0.000236512	-146.934
840.9485	8.824	5.88675512e-11	-0.00019455	-0.000136376	0.00023842	-146.046
842.6445	8.828	5.889423639999999e-11	-0.000222207	-0.000118256	0.000249865	-151.926
844.1318	8.832	5.89209216e-11	-0.000177384	-0.000128747	0.000225068	-143.196
845.5939	8.836	5.89476068e-11	-0.000174523	-0.00012684	0.000203134	-140.418
847.0666	8.84	5.8974292e-11	-0.000102044	-0.00012684	0.000161172	-127.92
848.5421	8.844	5.90009772e-11	-0.000104905	-0.000144006	0.000181199	-128.592
849.9928	8.848	5.90276624e-11	-9.25069e-05	-0.000157357	0.000185014	-121.206
851.4672	8.852	5.90543476e-11	-5.24523e-05	-7.34334e-05	8.77385e-05	-120.168
852.9565	8.856	5.908103279999999e-11	-1.90736e-05	-0.000140191	0.000142098	-92.394
854.6471	8.86	5.910771799999999e-11	-1.43052e-05	-0.000123025	0.000120163	-97.662
856.1195	8.864	5.91344032e-11	5.3406e-05	-7.82018e-05	9.44142e-05	-56.196
857.621	8.868	5.91610884e-11	0.000124932	-3.43325e-05	0.000130654	-14.61
859.0774	8.872	5.91877736e-11	0.000205041	1.71663e-05	0.000214578	4.386
860.5385	8.876	5.92144588e-11	0.000245096	-1.14442e-05	0.000243188	-4.71
861.9946	8.88	5.924114400000001e-11	0.000344278	2.19346e-05	0.000345232	4.092
863.4603	8.884	5.926782919999999e-11	0.000435831	5.81744e-05	0.000441553	8.604
865.1523	8.888	5.929451439999999e-11	0.000522617	6.48503e-05	0.000532154	8.088
866.6165	8.892	5.932119959999999e-11	0.000608448	0.000105858	0.000615124	9.84
868.0825	8.896	5.93478848e-11	0.000700001	0.000123025	0.000716213	10.44
869.5552	8.9	5.937457e-11	0.000823025	0.000215531	0.000841144	14.616
871.014	8.904	5.94012552e-11	0.000903133	0.000243188	0.000927929	15.108
872.8035	8.908	5.94279404e-11	0.00097657	0.000313761	0.0010233	17.766
874.2595	8.912	5.945462560000001e-11	0.00102521	0.000344278	0.00107957	18.336
875.7474	8.916	5.94813108e-11	0.00103856	0.000367166	0.00109959	18.918
877.2152	8.92	5.950799599999999e-11	0.00106526	0.000455858	0.00115968	23.16
878.69	8.924	5.953468119999999e-11	0.00101662	0.000475885	0.00112439	25.428
880.1751	8.928	5.95613664e-11	0.000967029	0.000533108	0.00109769	28.92
881.6634	8.932	5.95880516e-11	0.000848774	0.000575069	0.00102807	33.978
883.1337	8.936	5.96147368e-11	0.000730518	0.000597958	0.000936512	39.252
884.8935	8.94	5.9641422e-11	0.000640873	0.000582699	0.000863079	42.462
886.4143	8.944	5.96681072e-11	0.000472071	0.000581745	0.000752453	51.378
887.9152	8.948	5.96947924e-11	0.000367166	0.000568394	0.000673298	56.232
889.4018	8.952	5.97214776e-11	0.000236512	0.0004921	0.000547413	64.65
890.892	8.956	5.97481628e-11	0.000153542	0.000477793	0.000501636	71.76
892.3792	8.96	5.9774848e-11	3.24252e-05	0.000316622	0.000317575	85.284
893.8492	8.964	5.98015332e-11	0.0	0.000263216	0.000262262	90.438
895.5936	8.968	5.98282184e-11	-8.10628e-05	0.000177384	0.000193597	111.366
897.0808	8.972	5.985490359999999e-11	-0.000124932	0.00011158	0.000167848	139.572
898.5835	8.976	5.98815888e-11	-0.000123979	3.91009e-05	0.000145913	170.328
900.0713	8.98	5.9908274e-11	-0.000204087	-3.43325e-05	0.00020218	-170.538
901.603	8.984	5.99349592e-11	-0.000190736	-0.000109673	0.000213624	-147.726
903.3272	8.988	5.99616444e-11	-0.000151635	-0.000199319	0.000249865	-127.422
904.801	8.992	5.99883296e-11	-0.000144959	-0.000164033	0.000218392	-130.134
906.2726	8.996	6.00150148e-11	-0.000113488	-0.000199319	0.000231744	-121.104
907.7393	9.0	6.004169999999999e-11	-0.000118256	-0.000200273	0.00023842	-124.002
909.2121	9.004	6.006838519999999e-11	-0.00015545	-0.000164987	0.000226975	-131.388
910.6878	9.008	6.009507039999999e-11	-0.000133515	-0.000239373	0.000271799	-119.34
912.1426	9.012	6.01217556e-11	-0.000180245	-0.000161172	0.00023842	-136.812
913.5991	9.016	6.01484408e-11	-0.000153542	-0.000214578	0.000266077	-125.784
915.0831	9.02	6.0175126e-11	-0.000157357	-0.000190736	0.000244142	-128.784
916.5696	9.024	6.02018112e-11	-0.000215531	-0.000164033	0.00026417	-142.23
918.0248	9.028	6.02284964e-11	-0.000175477	-0.000160218	0.000236512	-137.844
919.496	9.032	6.025518159999999e-11	-0.000131608	-0.000106812	0.00017357	-142.836
920.957	9.036	6.028186679999999e-11	-0.000124932	-9.34605e-05	0.000149728	-145.242
922.4233	9.04	6.030855199999999e-11	-0.00013733	-6.19893e-05	0.000150681	-158.892
923.8641	9.044	6.03352372e-11	-0.000133515	-5.14986e-05	0.000143052	-158.49
925.3298	9.048	6.03619224e-11	-0.000105858	-4.48229e-05	0.000117302	-157.428
926.8349	9.052	6.03886076e-11	-0.00012684	-3.05178e-05	0.000122071	-165.432
928.3284	9.056	6.041529279999999e-11	-8.29701e-05	-5.6267e-05	0.00010109	-149.034
929.8127	9.06	6.0441978e-11	-9.34605e-05	-3.81472e-05	8.86922e-05	-156.216
931.2635	9.064	6.04686632e-11	-0.00010109	-6.2943e-05	0.000124932	-147.87
932.9751	9.068	6.049534839999999e-11	-9.15532e-05	-1.33515e-05	8.58312e-05	-171.426
934.466	9.072	6.052203359999999e-11	-0.000118256	2.19346e-05	0.000105858	172.482
935.9366	9.076	6.05487188e-11	-0.000142098	-3.81473e-06	0.000134469	179.148
937.6601	9.08	6.0575404e-11	-0.000144959	-1.33515e-05	0.000151635	-173.388
939.1348	9.084	6.06020892e-11	-0.000170709	-4.00546e-05	0.000163079	-168.27
940.6076	9.088	6.062877439999999e-11	-0.000157357	-4.10082e-05	0.000152589	-163.566
942.0636	9.092	6.06554596e-11	-0.000141145	-5.14986e-05	0.000144006	-160.8
943.5321	9.096	6.06821448e-11	-0.000148774	-4.7684e-06	0.000149728	179.748
945.2583	9.1	6.070883e-11	-0.000222207	-2.6703e-05	0.000226975	-172.128
946.7161	9.104	6.07355152e-11	-0.00020218	-3.33788e-05	0.000204087	-171.366
948.1906	9.108	6.07622004e-11	-0.000158311	-1.14442e-05	0.000163079	-177.276
949.653	9.112	6.07888856e-11	-0.00012684	-3.43325e-05	0.000136376	-163.752
951.1178	9.116	6.081557079999999e-11	-0.000141145	-6.48503e-05	0.000154496	-154.758
952.5844	9.12	6.084225599999999e-11	-0.000180245	-7.24797e-05	0.000188828	-156.534
954.0882	9.124	6.08689412e-11	-0.000118256	-6.19893e-05	0.000125886	-155.532
955.8105	9.128	6.08956264e-11	-0.000124932	-3.05178e-05	0.000124932	-165.522
957.2861	9.132	6.09223116e-11	-0.000117302	-3.81472e-05	0.00012684	-157.14
958.7407	9.136	6.09489968e-11	-0.000118256	-8.77385e-05	0.000149728	-141.882
960.1994	9.14	6.0975682e-11	-0.000166894	-5.53133e-05	0.000179292	-161.898
961.6554	9.144	6.100236719999999e-11	-0.000188828	-3.05178e-05	0.000188828	-171.84
963.3617	9.148	6.102905239999999e-11	-0.000167848	-3.91009e-05	0.00016594	-164.892
964.8149	9.152	6.105573759999999e-11	-0.000182153	-4.95913e-05	0.000187875	-164.832
966.2694	9.156	6.10824228e-11	-0.000203134	-4.48229e-05	0.000205041	-168.798
967.745	9.16	6.1109108e-11	-0.000197412	-3.81472e-05	0.000199319	-168.09
969.2044	9.164	6.11357932e-11	-0.000218392	-4.48229e-05	0.000225068	-169.056
970.6573	9.168	6.11624784e-11	-0.000232697	-6.67577e-05	0.000240327	-162.978
972.1227	9.172	6.11891636e-11	-0.000257494	-4.95913e-05	0.000261309	-168.576
973.5933	9.176	6.12158488e-11	-0.000219346	-5.81744e-05	0.000228883	-166.728
975.3093	9.18	6.124253399999999e-11	-0.000247004	-0.000113488	0.000271799	-155.826
976.7924	9.184	6.126921919999999e-11	-0.000233651	-0.000124932	0.000252726	-150.33
978.2685	9.188	6.12959044e-11	-0.000257494	-7.24797e-05	0.000265123	-165.894
979.7213	9.192	6.13225896e-11	-0.000240327	-9.53679e-05	0.000251772	-156.036
981.1752	9.196	6.13492748e-11	-0.000219346	-0.000107766	0.000245096	-153.018
982.6306	9.2	6.137595999999999e-11	-0.000208856	-9.25069e-05	0.000227929	-156.21
984.1065	9.204	6.14026452e-11	-0.000208856	-5.53133e-05	0.000214578	-162.414
985.5623	9.208	6.14293304e-11	-0.000153542	-9.72752e-05	0.000181199	-148.926
987.0484	9.212	6.14560156e-11	-0.000171662	-0.000130654	0.000217439	-143.058
988.5013	9.216	6.148270079999999e-11	-0.000105858	-8.96459e-05	0.000140191	-140.466
989.9769	9.22	6.1509386e-11	-0.000114441	-8.58312e-05	0.00013733	-144.462
991.4445	9.224	6.15360712e-11	-0.000108719	-4.19619e-05	0.000112534	-159.984
993.157	9.228	6.15627564e-11	-8.01091e-05	-2.6703e-05	8.77385e-05	-165.966
994.6131	9.232	6.158944159999999e-11	-0.000120163	-4.95913e-05	0.000130654	-159.546
996.0776	9.236	6.16161268e-11	-0.000104905	-1.62126e-05	0.000107766	-171.918
997.5543	9.24	6.1642812e-11	-0.000115395	-3.81472e-05	0.000118256	-161.874
999.0406	9.244	6.16694972e-11	-0.000117302	-3.43325e-05	0.000124932	-164.586
1000.5002	9.248	6.16961824e-11	-0.000189782	-9.5368e-06	0.000186921	-176.91
1001.9665	9.252	6.17228676e-11	-0.000158311	-3.52862e-05	0.000163079	-166.584
1003.4526	9.256	6.17495528e-11	-0.000148774	0.0	0.000146867	179.22
1005.1698	9.26	6.177623799999999e-11	-0.00018406	-7.62945e-06	0.000183106	-176.88
1006.6354	9.264	6.180292319999999e-11	-0.000196458	-1.71663e-05	0.000203134	-175.332
1008.103	9.268	6.18296084e-11	-0.000218392	-3.71935e-05	0.000210763	-168.216
1009.5823	9.272	6.18562936e-11	-0.000172616	-1.04905e-05	0.000168801	-176.154
1011.049	9.276	6.18829788e-11	-0.000200273	-2.57493e-05	0.000198365	-172.848
1012.5014	9.28	6.1909664e-11	-0.000174523	-6.8665e-05	0.000183106	-160.836
1013.961	9.284	6.193634920000001e-11	-0.000175477	-6.96187e-05	0.000185967	-157.584
1015.6743	9.288	6.196303439999999e-11	-0.000180245	-8.10628e-05	0.000197412	-153.864
1017.16	9.292	6.198971959999999e-11	-0.000169755	-6.00817e-05	0.00018406	-164.166
1018.6303	9.296	6.201640479999999e-11	-0.000177384	-3.05178e-05	0.000179292	-168.276
1020.0902	9.3	6.204309e-11	-0.000179292	-0.000118256	0.00021267	-143.958
1021.5424	9.304	6.20697752e-11	-0.000182153	-6.96187e-05	0.00019455	-158.232
1023.2549	9.308	6.20964604e-11	-0.000163079	-9.91826e-05	0.000188828	-146.982
1024.7246	9.312	6.21231456e-11	-0.00014782	-8.48775e-05	0.000164033	-148.758
1026.2265	9.316	6.21498308e-11	-0.000114441	-6.2943e-05	0.000139237	-154.626
1027.6801	9.32	6.2176516e-11	-0.000153542	-8.39238e-05	0.000174523	-151.2
1029.1537	9.324	6.22032012e-11	-0.000164987	9.5368e-06	0.000168801	173.514
1030.8971	9.328	6.222988639999999e-11	-0.000133515	-5.43597e-05	0.000141145	-157.842
1032.3466	9.332	6.22565716e-11	-0.000149728	-2.47956e-05	0.000145913	-169.104
1033.8253	9.336	6.22832568e-11	-0.00015545	-3.52862e-05	0.000157357	-168.402
1035.5325	9.34	6.2309942e-11	-0.000150681	-1.14442e-05	0.000154496	-174.912
1037.0045	9.344	6.233662719999999e-11	-0.000151635	-3.62399e-05	0.000148774	-162.234
1038.4767	9.348	6.23633124e-11	-0.000148774	-4.76839e-05	0.000154496	-161.88
1039.9801	9.352	6.23899976e-11	-0.000113488	-4.48229e-05	0.000124932	-158.424
1041.4341	9.356	6.24166828e-11	-0.000118256	-7.62945e-06	0.000123979	-177.882
1043.181	9.36	6.2443368e-11	-0.000121117	-1.52589e-05	0.000125886	-168.924
1044.6698	9.364	6.24700532e-11	-0.00011158	-2.19346e-05	0.000121117	-174.258
1046.1352	9.368	6.24967384e-11	-0.000105858	-6.10356e-05	0.000114441	-147.246
1047.5882	9.372	6.252342359999999e-11	-0.000108719	1.71663e-05	0.000114441	168.69
1049.0636	9.376	6.255010879999999e-11	-9.44142e-05	-4.29156e-05	9.34605e-05	-155.79
1050.5466	9.38	6.2576794e-11	-0.000123979	-4.7684e-06	0.000123025	-177.522
1052.0022	9.384	6.26034792e-11	-0.000100136	-6.5804e-05	0.00011921	-150.33
1053.7371	9.388	6.26301644e-11	-8.01091e-05	-4.48229e-05	9.25069e-05	-153.072
1055.192	9.392	6.26568496e-11	-5.6267e-05	7.62945e-06	5.72207e-05	174.228
1056.6579	9.396	6.268353480000001e-11	-0.00011158	-1.90736e-06	0.000103951	-176.97
1058.1139	9.4	6.271022e-11	-3.05178e-05	-5.3406e-05	6.48503e-05	-124.452
1059.5982	9.404	6.273690519999999e-11	-7.62944e-05	-1.04905e-05	7.82018e-05	177.576
1061.3412	9.408	6.276359039999999e-11	-0.000113488	-2.76567e-05	0.000125886	-164.748
1062.8195	9.412	6.27902756e-11	-0.000107766	-4.76839e-05	0.000121117	-160.386
1064.3152	9.416	6.28169608e-11	-9.34605e-05	-2.86104e-06	9.05995e-05	-177.054
1066.0328	9.42	6.2843646e-11	-0.000146867	-3.24252e-05	0.000148774	-168.942
1067.4994	9.424	6.28703312e-11	-0.000112534	-7.62945e-06	0.000117302	-172.134
1068.9856	9.428	6.289701640000001e-11	-9.82289e-05	-1.04905e-05	9.91826e-05	-173.532
1070.4398	9.432	6.29237016e-11	-0.000131608	-9.53682e-07	0.000129701	-176.754
1071.8956	9.436	6.295038679999999e-11	-0.000148774	-5.81744e-05	0.000159265	-161.64
1073.6217	9.44	6.297707199999999e-11	-0.00015545	5.72208e-06	0.000146867	178.692
1075.0996	9.444	6.30037572e-11	-0.000159265	-5.14986e-05	0.000157357	-161.172
1076.5577	9.448	6.30304424e-11	-0.000150681	-2.47956e-05	0.000156404	-169.392
1078.0225	9.452	6.30571276e-11	-0.000164987	-7.82018e-05	0.000180245	-154.854
1079.4974	9.456	6.30838128e-11	-0.000174523	-4.48229e-05	0.00018406	-166.512
1080.9662	9.46	6.3110498e-11	-0.000130654	-3.91009e-05	0.000139237	-161.988
1082.4367	9.464	6.31371832e-11	-0.000141145	-9.25069e-05	0.000170709	-151.14
1084.1647	9.468	6.31638684e-11	-0.000130654	-6.77113e-05	0.000144006	-152.13
1085.6337	9.472	6.31905536e-11	-8.01091e-05	-3.62399e-05	9.44142e-05	-158.706
1087.0878	9.476	6.32172388e-11	-8.67848e-05	-2.9564e-05	8.39238e-05	-161.418
1088.5435	9.48	6.3243924e-11	-7.72481e-05	-9.82289e-05	0.000118256	-123.054
1089.9974	9.484	6.32706092e-11	-0.000109673	-9.34605e-05	0.000142098	-138.636
1091.7146	9.488	6.329729439999999e-11	-5.14986e-05	-8.67848e-05	0.000100136	-121.158
1093.1843	9.492	6.33239796e-11	-2.6703e-05	-7.34334e-05	7.43871e-05	-107.1
1094.6872	9.496	6.33506648e-11	-6.00817e-05	-6.67575e-06	6.19893e-05	-169.752
1096.1602	9.5	6.337735e-11	-4.67303e-05	-5.6267e-05	7.43871e-05	-130.386
1097.6262	9.504	6.34040352e-11	-3.62399e-05	-1.14442e-05	3.05178e-05	-155.658
1099.0971	9.508	6.34307204e-11	-5.3406e-05	2.86104e-06	4.86376e-05	-179.19
1100.5722	9.512	6.34574056e-11	-9.53679e-05	9.5368e-06	0.000100136	175.044
1102.0457	9.516	6.348409079999999e-11	-9.53679e-05	-6.67575e-06	9.63216e-05	-176.082
1103.7857	9.52	6.351077599999999e-11	-7.53407e-05	6.67575e-06	6.8665e-05	-179.4
1105.2598	9.524	6.353746119999999e-11	-9.63216e-05	6.67575e-06	8.67848e-05	170.022
1106.709	9.528	6.35641464e-11	-8.48775e-05	3.91009e-05	9.44142e-05	156.324
1108.1883	9.532	6.35908316e-11	-0.000102044	3.33788e-05	0.000113488	164.37
1109.6544	9.536	6.36175168e-11	-8.10628e-05	-2.19346e-05	8.39238e-05	-160.584
1111.1254	9.54	6.3644202e-11	-0.000131608	-1.62126e-05	0.000130654	-172.542
1112.5795	9.544	6.367088719999999e-11	-0.000123025	-2.86104e-06	0.000118256	178.38
1114.2935	9.548	6.369757239999999e-11	-0.000151635	-1.14442e-05	0.000151635	-174.216
1115.78	9.552	6.372425759999999e-11	-0.000124932	-3.81472e-05	0.000130654	-162.39
1117.2517	9.556	6.375094279999999e-11	-8.67848e-05	-5.3406e-05	0.000100136	-151.596
1118.7437	9.56	6.3777628e-11	-0.000104905	-4.95913e-05	0.000116349	-164.148
1120.1973	9.564	6.38043132e-11	-9.25069e-05	-3.81472e-05	9.91826e-05	-158.13
1121.9168	9.568	6.38309984e-11	-7.62944e-05	-0.000102997	0.000127793	-124.188
1123.3814	9.572	6.38576836e-11	-7.24797e-05	-7.34334e-05	0.000104905	-136.524
1124.8367	9.576	6.38843688e-11	-8.29701e-05	-3.71935e-05	8.96459e-05	-155.556
1126.5542	9.58	6.3911054e-11	-5.24523e-05	-8.67848e-05	0.000102044	-124.506
1127.9985	9.584	6.393773919999999e-11	-3.33788e-05	-6.67577e-05	7.24797e-05	-118.008
1129.4676	9.588	6.396442439999999e-11	-4.00546e-05	-3.05178e-05	5.81744e-05	-151.488
1130.928	9.592	6.39911096e-11	-1.81199e-05	3.81473e-06	2.47956e-05	171.672
1132.4129	9.596	6.40177948e-11	-5.43597e-05	-4.7684e-06	5.9128e-05	-171.348
1133.8837	9.6	6.404448e-11	-6.48503e-05	-3.81472e-05	7.91554e-05	-152.376
1135.3561	9.604	6.407116519999999e-11	-2.3842e-05	-3.81472e-05	4.86376e-05	-127.332
1136.811	9.608	6.40978504e-11	-7.53407e-05	1.71663e-05	7.72481e-05	168.69
1138.2695	9.612	6.41245356e-11	-6.00817e-05	-4.00546e-05	7.24797e-05	-150.192
1139.7543	9.616	6.41512208e-11	-6.00817e-05	1.33515e-05	7.1526e-05	167.838
1141.2051	9.62	6.417790599999999e-11	-8.67848e-05	-3.52862e-05	9.34605e-05	-156.486
1142.6589	9.624	6.42045912e-11	-4.19619e-05	2.6703e-05	5.53133e-05	153.438
1144.3747	9.628	6.42312764e-11	-7.82018e-05	0.0	8.01091e-05	-178.122
1145.8314	9.632	6.425796159999999e-11	-6.10356e-05	-3.81473e-06	5.53133e-05	179.298
1147.2973	9.636	6.428464679999999e-11	-5.3406e-05	-1.23978e-05	5.43597e-05	-168.828
1148.7723	9.64	6.4311332e-11	-4.57766e-05	-1.81199e-05	5.72207e-05	-163.362
1150.2583	9.644	6.43380172e-11	-0.000105858	-1.52589e-05	9.63216e-05	-171.006
1151.9833	9.648	6.43647024e-11	-9.63216e-05	1.04905e-05	9.25069e-05	173.34
1153.4776	9.652	6.43913876e-11	-0.000118256	-1.43052e-05	0.000114441	-172.206
1154.9438	9.656	6.44180728e-11	-5.53133e-05	-2.9564e-05	5.81744e-05	-140.616
1156.6866	9.66	6.444475799999999e-11	-0.000110627	-4.10082e-05	0.000114441	-156.942
1158.1406	9.664	6.447144319999999e-11	-7.62944e-05	-3.81472e-05	9.05995e-05	-156.966
1159.6333	9.668	6.449812839999999e-11	-7.34334e-05	-4.00546e-05	7.82018e-05	-152.076
1161.0967	9.672	6.45248136e-11	-0.000108719	-4.48229e-05	0.000115395	-156.972
1162.5921	9.676	6.45514988e-11	-7.53407e-05	-6.00817e-05	9.05995e-05	-145.362
1164.027	9.68	6.4578184e-11	-0.000115395	-3.05178e-05	0.000115395	-167.622
1165.4997	9.684	6.46048692e-11	-0.000103951	-3.81472e-05	0.000109673	-157.488
1166.9655	9.688	6.46315544e-11	-0.000104905	-2.28883e-05	0.000103951	-166.056
1168.4429	9.692	6.465823959999999e-11	-8.01091e-05	-6.8665e-05	0.000105858	-143.556
1169.8974	9.696	6.468492479999999e-11	-8.67848e-05	1.23978e-05	8.86922e-05	170.118
1171.3538	9.7	6.471160999999999e-11	-8.20165e-05	-6.8665e-05	0.000110627	-144.78
1172.8231	9.704	6.47382952e-11	-0.000100136	-1.81199e-05	9.91826e-05	-169.728
1174.5818	9.708	6.47649804e-11	-7.53407e-05	1.90736e-06	8.29701e-05	169.968
1176.0718	9.712	6.47916656e-11	-6.2943e-05	-4.67303e-05	8.39238e-05	-143.652
1177.5269	9.716	6.48183508e-11	-7.72481e-05	-2.3842e-05	8.10628e-05	-160.686
1179.0408	9.72	6.4845036e-11	-0.000124932	-7.62945e-06	0.000114441	-174.12
1180.5156	9.724	6.48717212e-11	-9.72752e-05	-1.43052e-05	0.000100136	-169.794
1182.2273	9.728	6.48984064e-11	-7.34334e-05	-8.86922e-05	0.00011921	-133.902
1183.698	9.732	6.492509159999999e-11	-0.000144006	-7.53407e-05	0.00015545	-149.832
1185.1675	9.736	6.49517768e-11	-9.82289e-05	-3.81472e-05	0.000100136	-160.32
1186.8992	9.74	6.4978462e-11	-6.96187e-05	-6.77113e-05	8.86922e-05	-131.922
1188.3957	9.744	6.50051472e-11	-0.000120163	-3.62399e-05	0.00012684	-161.844
1189.8912	9.748	6.503183239999999e-11	-9.15532e-05	-3.33788e-05	0.00011158	-169.14
1191.3756	9.752	6.50585176e-11	-0.000104905	-0.000112534	0.00014782	-128.658
1192.8614	9.756	6.50852028e-11	-6.67577e-05	-4.00546e-05	7.72481e-05	-144.804
1194.5761	9.76	6.5111888e-11	-6.67577e-05	-8.29701e-05	0.000108719	-132.786
1196.0475	9.764	6.51385732e-11	-3.24252e-05	-4.00546e-05	4.67303e-05	-124.854
1197.502	9.768	6.51652584e-11	-3.43325e-05	-5.81744e-05	6.48503e-05	-112.89
1198.9884	9.772	6.51919436e-11	-9.63216e-05	-3.81472e-05	0.000102044	-156.348
1200.4545	9.776	6.521862879999999e-11	-7.1526e-05	-5.9128e-05	8.77385e-05	-136.566
1201.9325	9.78	6.524531399999999e-11	-0.000100136	-4.86376e-05	0.000105858	-153.924
1203.3872	9.784	6.52719992e-11	-9.15532e-05	-2.19346e-05	8.39238e-05	-168.69
1205.0899	9.788	6.52986844e-11	-9.34605e-05	-1.33515e-05	8.96459e-05	-169.116
1206.5652	9.792	6.53253696e-11	-6.00817e-05	-1.43052e-05	6.38966e-05	-164.136
1208.025	9.796	6.53520548e-11	-9.15532e-05	-1.23978e-05	9.82289e-05	-168.912
1209.4807	9.8	6.537874000000001e-11	-6.48503e-05	9.5368e-06	6.5804e-05	171.468
1210.9621	9.804	6.540542519999999e-11	-8.77385e-05	-1.14442e-05	9.91826e-05	-173.1
1212.6736	9.808	6.543211039999999e-11	-0.000106812	-1.23978e-05	0.000108719	-171.33
1214.1506	9.812	6.545879559999999e-11	-0.000112534	-3.81472e-05	0.000116349	-162.09
1215.6054	9.816	6.54854808e-11	-0.000106812	-9.53682e-07	0.000106812	178.23
1217.0726	9.82	6.5512166e-11	-8.48775e-05	-2.86104e-06	8.67848e-05	179.562
1218.5121	9.824	6.55388512e-11	-4.38693e-05	0.0	3.81472e-05	175.842
1220.238	9.828	6.55655364e-11	-8.96459e-05	-2.6703e-05	8.77385e-05	-158.934
1221.69	9.832	6.55922216e-11	-6.5804e-05	-2.3842e-05	6.96187e-05	-157.296
1223.1646	9.836	6.56189068e-11	-2.3842e-05	-3.43325e-05	4.29156e-05	-118.026
1224.6228	9.84	6.564559199999999e-11	-7.1526e-05	8.58313e-06	7.34334e-05	170.202
1226.0885	9.844	6.567227719999999e-11	-6.96187e-05	-3.43325e-05	8.01091e-05	-150.948
1227.544	9.848	6.56989624e-11	-0.000115395	-6.19893e-05	0.000123025	-153.15
1229.0063	9.852	6.57256476e-11	-8.48775e-05	-2.28883e-05	8.10628e-05	-160.974
1230.4859	9.856	6.57523328e-11	-5.0545e-05	-2.00273e-05	5.24523e-05	-161.79
1232.2016	9.86	6.577901799999999e-11	-0.000112534	-6.67577e-05	0.000130654	-147.75
1233.6523	9.864	6.58057032e-11	-0.000105858	-2.86104e-06	0.00010109	-178.47
1235.1119	9.868	6.58323884e-11	-0.000118256	-3.33788e-05	0.000121117	-163.752
1236.5698	9.872	6.58590736e-11	-8.86922e-05	5.72208e-06	8.86922e-05	175.794
1238.0257	9.876	6.58857588e-11	-0.00012684	-2.86103e-05	0.000130654	-164.094
1239.5093	9.88	6.5912444e-11	-9.53679e-05	-3.05178e-05	9.91826e-05	-160.62
1240.9826	9.884	6.59391292e-11	-0.000110627	-2.9564e-05	0.000114441	-163.554
1242.7084	9.888	6.59658144e-11	-0.000102044	-8.01091e-05	0.000125886	-141.102
1244.1803	9.892	6.599249959999999e-11	-4.95913e-05	-6.67575e-06	5.72207e-05	-173.73
1245.6353	9.896	6.60191848e-11	-6.8665e-05	-5.6267e-05	8.58312e-05	-143.58
1247.1245	9.9	6.604587e-11	-1.81199e-05	-1.43052e-05	2.6703e-05	-152.928
1248.5715	9.904	6.60725552e-11	-5.6267e-05	-2.28883e-05	6.38966e-05	-158.094
1250.2869	9.908	6.60992404e-11	-4.76839e-05	-2.76567e-05	5.81744e-05	-152.88
1251.7632	9.912	6.61259256e-11	-3.81472e-05	-6.67575e-06	3.24252e-05	-161.202
1253.1983	9.916	6.61526108e-11	-5.24523e-05	-5.0545e-05	6.77113e-05	-135.408
1254.6677	9.92	6.617929599999999e-11	-4.00546e-05	-4.95913e-05	6.67577e-05	-131.904
1256.1422	9.924	6.620598119999999e-11	-4.86376e-05	-3.43325e-05	5.72207e-05	-140.196
1257.608	9.928	6.62326664e-11	-4.57766e-05	-2.28883e-05	4.86376e-05	-158.838
1259.0622	9.932	6.62593516e-11	-2.28883e-05	-2.86104e-06	2.00273e-05	-154.98
1260.5553	9.936	6.62860368e-11	-7.1526e-05	2.86104e-06	7.91554e-05	-179.544
1262.2799	9.94	6.6312722e-11	-4.76839e-05	1.90736e-05	5.53133e-05	148.698
1263.734	9.944	6.633940720000001e-11	-5.81744e-05	-8.01091e-05	0.00010109	-126.648
1265.1864	9.948	6.63660924e-11	-8.20165e-05	-6.67575e-06	8.77385e-05	-175.854
1266.627	9.952	6.639277759999999e-11	-0.000104905	-4.57766e-05	0.000107766	-156.516
1268.1006	9.956	6.641946279999999e-11	-7.43871e-05	2.57493e-05	7.43871e-05	155.982
1269.5578	9.96	6.6446148e-11	-4.48229e-05	-2.28883e-05	4.76839e-05	-143.916
1271.032	9.964	6.64728332e-11	-7.53407e-05	-4.7684e-06	7.91554e-05	-175.5
1272.7368	9.968	6.64995184e-11	-0.000123979	1.71663e-05	0.000127793	171.996
1274.2263	9.972	6.65262036e-11	-8.58312e-05	-2.9564e-05	9.91826e-05	-164.514
1275.6785	9.976	6.65528888e-11	-8.58312e-05	-2.0981e-05	7.72481e-05	-168.486
1277.1509	9.98	6.6579574e-11	-0.000116349	-4.7684e-06	0.000108719	-170.118
1278.6127	9.984	6.66062592e-11	-2.76567e-05	-1.62126e-05	4.00546e-05	-160.29
1280.3723	9.988	6.663294439999999e-11	-0.000102997	-1.23978e-05	0.000112534	-174.354
1281.8389	9.992	6.66596296e-11	-0.000102997	-3.81473e-06	0.000107766	-175.524
1283.2945	9.996	6.66863148e-11	-8.77385e-05	-2.00273e-05	8.77385e-05	-167.904
1284.77	10.0	6.6713e-11	-6.77113e-05	3.81473e-06	6.67577e-05	172.26
1286.2232	10.004	6.673968519999999e-11	-7.62944e-05	3.24252e-05	8.20165e-05	161.424
1287.6892	10.008	6.676637039999999e-11	-0.000123025	-5.72208e-06	0.000122071	-178.446
1289.1749	10.012	6.67930556e-11	-0.000129701	6.67575e-06	0.000130654	179.712
1290.6306	10.016	6.68197408e-11	-0.000113488	2.0981e-05	0.000110627	164.808
1292.0881	10.02	6.6846426e-11	-9.82289e-05	2.19346e-05	0.000106812	165.624
1293.5402	10.024	6.68731112e-11	-4.38693e-05	-5.72208e-06	4.67303e-05	-174.594
1294.9957	10.028	6.68997964e-11	-0.000127793	-2.76567e-05	0.000128747	-171.618
1296.4506	10.032	6.692648159999999e-11	-9.82289e-05	2.47956e-05	0.000103951	166.32
1297.927	10.036	6.695316679999999e-11	-0.00010109	-1.90736e-06	9.72752e-05	-178.824
1299.3988	10.04	6.697985199999999e-11	-8.48775e-05	-5.14986e-05	0.000108719	-147.552
1300.8656	10.044	6.70065372e-11	-8.39238e-05	1.33515e-05	8.77385e-05	170.892
1302.597	10.048	6.70332224e-11	-9.34605e-05	3.52862e-05	8.58312e-05	154.656
1304.063	10.052	6.70599076e-11	-0.000117302	-2.47956e-05	0.000114441	-166.128
1305.5491	10.056	6.70865928e-11	-7.82018e-05	1.04905e-05	7.43871e-05	167.976
1307.0138	10.06	6.7113278e-11	-9.72752e-05	-3.71935e-05	0.000105858	-161.676
1308.4507	10.064	6.713996319999999e-11	-6.5804e-05	-5.6267e-05	9.25069e-05	-147.954
1310.1758	10.068	6.716664839999999e-11	-8.48775e-05	-2.76567e-05	7.24797e-05	-163.812
1311.6275	10.072	6.719333359999999e-11	-9.53679e-05	-9.53682e-07	9.44142e-05	-176.4
1313.1036	10.076	6.72200188e-11	-9.15532e-05	-3.43325e-05	9.72752e-05	-158.268
1314.5762	10.08	6.7246704e-11	-0.000104905	1.52589e-05	0.000102997	179.244
1316.0411	10.084	6.72733892e-11	-7.91554e-05	-9.5368e-06	8.48775e-05	-175.236
1317.5051	10.088	6.73000744e-11	-9.34605e-05	-2.76567e-05	9.72752e-05	-165.396
1318.9922	10.092	6.73267596e-11	-0.000104905	-4.67303e-05	0.000123979	-153.696
1320.4573	10.096	6.73534448e-11	-0.000133515	-3.62399e-05	0.000132562	-161.94
1322.171	10.1	6.738012999999999e-11	-8.96459e-05	-2.86104e-06	0.00010109	179.268
1323.6606	10.104	6.740681519999999e-11	-8.01091e-05	-6.2943e-05	0.000104905	-142.776
1325.1254	10.108	6.74335004e-11	-7.34334e-05	-6.67575e-06	7.1526e-05	-173.658
1326.6013	10.112	6.74601856e-11	-0.000117302	-6.19893e-05	0.000124932	-150.252
1328.0386	10.116	6.74868708e-11	-8.86922e-05	-2.9564e-05	9.25069e-05	-159.84
1329.5391	10.12	6.751355599999999e-11	-7.82018e-05	-5.72208e-06	8.58312e-05	-175.236
1330.9824	10.124	6.75402412e-11	-5.3406e-05	-4.29156e-05	6.19893e-05	-140.196
1332.7362	10.128	6.75669264e-11	-0.000129701	-4.10082e-05	0.000132562	-163.578
1334.1917	10.132	6.75936116e-11	-9.63216e-05	-1.23978e-05	9.91826e-05	-173.574
1335.6868	10.136	6.762029679999999e-11	-6.38966e-05	-3.33788e-05	7.05724e-05	-156.306
1337.1419	10.14	6.7646982e-11	-7.82018e-05	-5.14986e-05	9.25069e-05	-146.538
1338.6063	10.144	6.76736672e-11	-9.34605e-05	-6.00817e-05	0.00011158	-148.506
1340.34	10.148	6.770035239999999e-11	-9.25069e-05	-4.29156e-05	0.00010109	-158.196
1341.7753	10.152	6.772703759999999e-11	-6.8665e-05	-5.3406e-05	8.86922e-05	-147.726
1343.2273	10.156	6.77537228e-11	-7.82018e-05	-7.62945e-06	7.43871e-05	-172.878
1344.9536	10.16	6.7780408e-11	-0.00011158	-3.33788e-05	0.000109673	-161.784
1346.3962	10.164	6.78070932e-11	-0.000117302	-9.5368e-06	0.000112534	-173.43
1347.8659	10.168	6.78337784e-11	-8.01091e-05	1.23978e-05	8.39238e-05	166.836
1349.3398	10.172	6.78604636e-11	-7.34334e-05	-4.00546e-05	8.77385e-05	-153.438
1350.7996	10.176	6.788714879999999e-11	-0.000106812	-4.57766e-05	0.000117302	-156.3
1352.4859	10.18	6.791383399999999e-11	-4.86376e-05	-1.81199e-05	5.3406e-05	-160.254
1353.9416	10.184	6.794051919999999e-11	-8.58312e-05	-4.57766e-05	9.44142e-05	-151.836
1355.4057	10.188	6.79672044e-11	-0.000103951	-2.76567e-05	0.000107766	-165.45
1356.8922	10.192	6.79938896e-11	-0.000115395	1.52589e-05	0.00011158	171.228
1358.3255	10.196	6.80205748e-11	-0.000131608	-2.6703e-05	0.00012684	-167.97
1359.8035	10.2	6.804726e-11	-0.000133515	-3.52862e-05	0.000130654	-163.074
1361.2495	10.204	6.807394520000001e-11	-8.67848e-05	-4.29156e-05	9.91826e-05	-148.71
1362.9488	10.208	6.810063039999999e-11	-6.67577e-05	-1.14442e-05	6.8665e-05	-167.826
1364.4039	10.212	6.812731559999999e-11	-8.86922e-05	-2.86103e-05	9.82289e-05	-164.778
1365.8739	10.216	6.815400079999999e-11	-4.86376e-05	-1.71663e-05	4.19619e-05	-158.028
1367.3128	10.22	6.8180686e-11	-6.00817e-05	1.71663e-05	6.38966e-05	162.852
1368.7869	10.224	6.82073712e-11	-2.6703e-05	9.53682e-07	2.86103e-05	-167.346
1370.4971	10.228	6.82340564e-11	-6.67577e-05	1.23978e-05	7.05724e-05	168.69
1372.0051	10.232	6.82607416e-11	-0.000113488	1.04905e-05	0.000112534	170.262
1373.491	10.236	6.82874268e-11	-0.000118256	-3.05178e-05	0.000112534	-161.568
1375.2174	10.24	6.8314112e-11	-0.000122071	-3.62399e-05	0.000130654	-162.39
1376.7031	10.244	6.83407972e-11	-0.000102997	-2.19346e-05	0.000112534	-167.994
1378.178	10.248	6.836748239999999e-11	-0.000108719	-3.62399e-05	0.000110627	-159.726
1379.6257	10.252	6.83941676e-11	-8.01091e-05	-2.47956e-05	9.15532e-05	-168.3
1381.0884	10.256	6.84208528e-11	-8.96459e-05	-9.5368e-06	8.48775e-05	-176.394
1382.7938	10.26	6.8447538e-11	-6.5804e-05	-3.05178e-05	7.34334e-05	-156.6
1384.247	10.264	6.847422319999999e-11	-0.000108719	-5.53133e-05	0.00011921	-152.136
1385.7387	10.268	6.85009084e-11	-0.000125886	-2.9564e-05	0.00011921	-169.08
1387.2429	10.272	6.85275936e-11	-7.53407e-05	-6.67577e-05	0.000103951	-140.466
1388.7304	10.276	6.85542788e-11	-0.000110627	-5.81744e-05	0.000117302	-152.088
1390.184	10.28	6.8580964e-11	-0.000144006	-4.95913e-05	0.000146867	-161.148
1391.6348	10.284	6.86076492e-11	-4.86376e-05	-6.48503e-05	8.20165e-05	-127.05
1393.3703	10.288	6.86343344e-11	-0.000115395	-4.67303e-05	0.000132562	-159.18
1394.8548	10.292	6.866101959999999e-11	-0.00014782	-6.96187e-05	0.000157357	-156.468
1396.3224	10.296	6.868770479999999e-11	-8.86922e-05	-7.24797e-05	0.000115395	-141.75
1397.8164	10.3	6.871439e-11	-0.000141145	-6.67575e-06	0.000138284	-173.688
1399.3026	10.304	6.87410752e-11	-0.000108719	-6.48503e-05	0.000124932	-156.426
1401.0082	10.308	6.87677604e-11	-7.82018e-05	-3.14715e-05	8.58312e-05	-157.716
1402.4837	10.312	6.87944456e-11	-0.00011158	-3.81472e-05	0.000118256	-155.4
1403.9486	10.316	6.88211308e-11	-8.96459e-05	-2.6703e-05	9.72752e-05	-162.18
1405.4121	10.32	6.884781599999999e-11	-8.58312e-05	-2.47956e-05	8.29701e-05	-160.8
1406.8981	10.324	6.887450119999999e-11	-0.00011158	-5.53133e-05	0.00012684	-159.306
1408.5949	10.328	6.890118639999999e-11	-5.72207e-05	-5.0545e-05	7.24797e-05	-130.89
1410.0619	10.332	6.89278716e-11	-0.000118256	-4.29156e-05	0.000117302	-160.074
1411.5152	10.336	6.89545568e-11	-5.53133e-05	-6.2943e-05	8.58312e-05	-135.93
1413.2442	10.34	6.8981242e-11	-8.58312e-05	-6.8665e-05	0.000108719	-135.234
1414.713	10.344	6.90079272e-11	-3.24252e-05	-2.47956e-05	3.71935e-05	-134.292
1416.2058	10.348	6.90346124e-11	-7.1526e-05	-9.53682e-07	7.43871e-05	177.954
1417.6688	10.352	6.90612976e-11	-2.9564e-05	0.0	3.05178e-05	-169.59
1419.1726	10.356	6.908798279999999e-11	-9.91826e-05	-4.48229e-05	0.000105858	-152.1
1420.9071	10.36	6.911466799999999e-11	-3.05178e-05	-4.48229e-05	4.76839e-05	-113.43
1422.3633	10.364	6.91413532e-11	-3.33788e-05	-1.62126e-05	3.81472e-05	-153.438
1423.7982	10.368	6.91680384e-11	-3.91009e-05	-3.14715e-05	4.29156e-05	-144.69
1425.2867	10.372	6.91947236e-11	-8.58312e-05	-3.43325e-05	8.29701e-05	-158.112
1426.76	10.376	6.92214088e-11	-8.96459e-05	1.71663e-05	9.53679e-05	171.654
1428.2248	10.38	6.9248094e-11	-6.48503e-05	-2.00273e-05	6.96187e-05	-165.174
1429.7002	10.384	6.92747792e-11	-4.29156e-05	-2.3842e-05	4.67303e-05	-146.31
1431.4062	10.388	6.93014644e-11	-7.82018e-05	-3.81473e-06	7.72481e-05	-172.692
1432.8859	10.392	6.932814959999999e-11	-7.1526e-05	-4.86376e-05	7.72481e-05	-145.302
1434.348	10.396	6.93548348e-11	-0.000106812	1.90736e-05	0.000109673	169.728
1435.8208	10.4	6.938152e-11	-9.25069e-05	-1.81199e-05	9.63216e-05	-171.312
1437.2934	10.404	6.94082052e-11	-2.28883e-05	-2.00273e-05	4.00546e-05	-142.482
1439.0168	10.408	6.943489039999999e-11	-7.91554e-05	-2.57493e-05	8.10628e-05	-154.29
1440.4789	10.412	6.94615756e-11	-6.77113e-05	-1.62126e-05	6.48503e-05	-163.644
1441.953	10.416	6.94882608e-11	-3.33788e-05	-4.57766e-05	5.43597e-05	-127.44
1443.679	10.42	6.9514946e-11	-2.28883e-05	-2.47956e-05	3.52862e-05	-133.638
1445.1252	10.424	6.95416312e-11	-6.19893e-05	-3.91009e-05	6.8665e-05	-151.434
1446.5855	10.428	6.95683164e-11	-4.67303e-05	-3.62399e-05	6.5804e-05	-138.816
1448.025	10.432	6.95950016e-11	-8.20165e-05	-2.47956e-05	8.39238e-05	-164.982
1449.4776	10.436	6.962168679999999e-11	-8.77385e-05	-3.14715e-05	9.44142e-05	-160.938
1451.2063	10.44	6.964837199999999e-11	-8.67848e-05	-2.57493e-05	8.29701e-05	-153.006
1452.6468	10.444	6.96750572e-11	-6.67577e-05	9.53682e-07	6.38966e-05	177.564
1454.1158	10.448	6.97017424e-11	-6.96187e-05	-4.95913e-05	9.05995e-05	-148.968
1455.5932	10.452	6.97284276e-11	-7.82018e-05	-5.6267e-05	9.05995e-05	-139.968
1457.0294	10.456	6.97551128e-11	-4.95913e-05	2.19346e-05	5.3406e-05	154.686
1458.4957	10.46	6.978179800000001e-11	-8.01091e-05	-2.19346e-05	8.10628e-05	-167.37
1459.972	10.464	6.980848319999999e-11	-8.96459e-05	-2.28883e-05	9.25069e-05	-165.198
1461.6714	10.468	6.983516839999999e-11	-3.62399e-05	-3.81473e-06	2.76567e-05	-165.582
1463.136	10.472	6.986185359999999e-11	-6.8665e-05	-5.0545e-05	8.48775e-05	-144.78
1464.6044	10.476	6.98885388e-11	-5.24523e-05	-1.14442e-05	5.24523e-05	-167.472
1466.0604	10.48	6.9915224e-11	-4.29156e-05	-4.48229e-05	5.72207e-05	-129.474
1467.5347	10.484	6.99419092e-11	-6.38966e-05	-3.14715e-05	6.5804e-05	-147.342
1469.2458	10.488	6.99685944e-11	-9.34605e-05	2.57493e-05	9.05995e-05	164.706
1470.7462	10.492	6.99952796e-11	-0.000118256	1.14442e-05	0.000113488	172.656
1472.2215	10.496	7.00219648e-11	-6.00817e-05	-9.53682e-07	6.10356e-05	178.17
1473.9351	10.5	7.004865e-11	-8.20165e-05	-1.62126e-05	7.72481e-05	-167.196
1475.399	10.504	7.007533519999999e-11	-8.58312e-05	-2.9564e-05	8.58312e-05	-158.28
1476.8909	10.508	7.010202039999999e-11	-0.000112534	-2.19346e-05	0.000105858	-170.472
1478.3501	10.512	7.01287056e-11	-9.44142e-05	-7.62945e-06	9.25069e-05	-175.44
1479.8161	10.516	7.01553908e-11	-0.000109673	-1.81199e-05	0.000106812	-172.614
1481.5416	10.52	7.018207599999999e-11	-0.000103951	-4.48229e-05	0.000110627	-157.164
1482.9966	10.524	7.020876119999999e-11	-0.000142098	-1.81199e-05	0.000136376	-172.77
1484.4725	10.528	7.02354464e-11	-0.000117302	-1.52589e-05	0.000123979	-176.718
1485.9283	10.532	7.02621316e-11	-0.000115395	-3.33788e-05	0.000112534	-163.17
1487.3831	10.536	7.02888168e-11	-0.000178338	-5.81744e-05	0.000183106	-160.77
1488.8679	10.54	7.031550199999998e-11	-0.000130654	-6.00817e-05	0.000145913	-158.346
1490.3231	10.544	7.03421872e-11	-0.000134469	-7.53407e-05	0.000154496	-150.192
1492.0537	10.548	7.03688724e-11	-0.000140191	-7.05724e-05	0.000154496	-155.838
1493.5176	10.552	7.039555759999999e-11	-0.000146867	-4.95913e-05	0.000161172	-161.052
1495.0106	10.556	7.042224279999999e-11	-0.000150681	-8.86922e-05	0.000179292	-150.15
1496.4855	10.56	7.0448928e-11	-0.000124932	-5.6267e-05	0.000139237	-156.942
1497.9493	10.564	7.04756132e-11	-0.000124932	-6.2943e-05	0.000138284	-152.076
1499.66	10.568	7.05022984e-11	-0.000174523	-7.82018e-05	0.00018406	-155.022
1501.1527	10.572	7.05289836e-11	-0.000182153	-4.57766e-05	0.000193597	-165.636
1502.6072	10.576	7.05556688e-11	-0.000120163	-5.14986e-05	0.000132562	-157.62
1504.3353	10.58	7.058235399999999e-11	-0.000160218	-6.19893e-05	0.00016594	-158.982
1505.7891	10.584	7.060903919999999e-11	-0.000129701	-6.00817e-05	0.000150681	-156.54
1507.2483	10.588	7.063572439999999e-11	-0.000118256	-7.82018e-05	0.000138284	-144.072
1508.7033	10.592	7.06624096e-11	-0.000104905	-9.53679e-05	0.000139237	-134.034
1510.1378	10.596	7.06890948e-11	-8.67848e-05	-4.57766e-05	9.82289e-05	-152.922
1511.5983	10.6	7.071578e-11	-7.34334e-05	-5.81744e-05	8.86922e-05	-141.744