X 	 Y 	 R 	 theta 
#With Preamplifier,Turning the emitter ZnTe, ZnTe detector angle dependance 40deg, Chopper inside probe 388Hz inside Pump 230Hz, time constant=0.1s 18dB, waiting time= 1s, sensitivity=20mV, position 9.4mm
0.00195123	0.00141717	0.00240995	36.03
0.00201322	0.00142384	0.00247194	35.292
0.00196363	0.00142861	0.00242902	36.138
0.00198461	0.0014391	0.00244905	36.12
0.00198938	0.00139046	0.00242807	34.83
0.00196363	0.00141717	0.00242807	35.562
0.00198747	0.00140668	0.00243284	35.118
0.0019827	0.00144387	0.00244619	36.168
0.00198747	0.00144006	0.00245096	35.976
0.00197794	0.00145818	0.00245382	36.396
0.00201036	0.00144864	0.00247575	35.952
0.00199319	0.00139142	0.00242521	35.088
0.00197984	0.00143052	0.00244237	35.73
0.00197603	0.00141812	0.00243379	35.532
0.00195409	0.00146962	0.00244428	36.906
0.00198843	0.00142575	0.00244905	35.634
0.00194646	0.00145436	0.0024357	36.714
0.00195409	0.00142289	0.00242235	35.934
0.00198175	0.00139714	0.00241949	35.322
0.00198556	0.00142384	0.00244428	35.676
0.00198843	0.00139333	0.00242235	35.142
0.00197984	0.00141049	0.00243284	35.628
0.00198556	0.00141907	0.0024357	35.688
0.00196935	0.00141621	0.00243379	35.754
0.0020218	0.00145245	0.00249387	35.736
0.00201036	0.00143433	0.00247194	35.454
0.00198747	0.00146104	0.00246908	36.024
0.00199319	0.00140191	0.00243379	35.106
0.00197603	0.00140668	0.00242426	35.52
0.00197317	0.00141431	0.00242235	35.586
0.00196935	0.00137521	0.00240423	34.848
0.00197698	0.00140668	0.00242139	35.526
0.00195886	0.00141431	0.00242139	35.808
0.00196935	0.00137711	0.00240232	35.16
0.00201036	0.00140572	0.0024481	35.064
0.00197794	0.00139714	0.00241376	35.52
0.00199987	0.0013857	0.00242426	34.83
0.00196363	0.00137139	0.00239374	35.058
0.00195695	0.00139046	0.00240804	35.232
0.00194264	0.00141049	0.00239755	36.0
0.00199319	0.00141145	0.00244142	35.106
0.00197984	0.00141907	0.0024357	35.616
0.00194646	0.00140286	0.00239946	35.634
0.00198366	0.00145245	0.00246049	36.12
0.00195505	0.00143338	0.00242807	36.366
0.0019951	0.00144387	0.00246049	35.718
0.00195886	0.00138951	0.00240518	35.172
0.0019312	0.00138284	0.00238039	35.55
0.00197031	0.00140382	0.00241376	35.586
0.00197221	0.00139714	0.00241281	35.592
0.00177098	0.00124265	0.00201608	36.108
0.0016451	0.00118733	0.00210382	35.346
0.00199033	0.00140572	0.00243475	35.4
0.00200464	0.00144769	0.00247099	35.886
0.00199987	0.0013876	0.00242521	34.848
0.00195218	0.00141717	0.00241567	35.952
0.00200273	0.00141621	0.00245382	35.388
0.00194169	0.00139523	0.00239564	35.526
0.0019684	0.00143624	0.00243856	35.934
0.00197126	0.00137521	0.00239564	34.866
0.00199415	0.00144196	0.00247289	35.838
0.00195791	0.00142098	0.00242521	35.886
0.00042248	0.000367166	0.000459673	44.43
0.000106812	0.000187875	0.000205995	62.112
8.86922e-05	0.000117302	0.000141145	58.746
6.10356e-05	9.53679e-05	0.000113488	58.35
9.91826e-05	4.76839e-05	0.000112534	26.268
6.38966e-05	4.86376e-05	7.72481e-05	40.812
0.00010109	0.000104905	0.000143052	47.064
7.82018e-05	6.10356e-05	0.000105858	33.786
8.48775e-05	-9.53682e-07	8.77385e-05	2.166
6.38966e-05	1.33515e-05	6.5804e-05	5.196
5.72207e-05	7.62945e-06	6.2943e-05	8.616
9.63216e-05	2.28883e-05	0.000116349	15.444
0.00189973	0.00134564	0.00234701	35.04
0.00201036	0.00143719	0.00247194	35.562
0.00192738	0.00140191	0.00238897	35.76
0.00194455	0.00141049	0.00240518	35.79
0.00199987	0.00141717	0.00245859	35.1
0.00199701	0.00142384	0.00245954	35.298
0.00195695	0.00140191	0.00240518	35.634
0.00197221	0.00148488	0.00246336	37.044
0.0019436	0.00145913	0.0024233	36.936
0.00192452	0.00145531	0.00242235	36.876
0.00200368	0.00143433	0.00245859	35.658
0.00198652	0.00144769	0.00245382	36.288
0.00194264	0.00138379	0.00238134	35.574
0.00196268	0.00144482	0.0024357	36.312
0.00196172	0.00142766	0.00242426	35.946
0.00193406	0.00140096	0.00238897	35.838
0.00195409	0.0014267	0.00242902	36.03
0.00193883	0.00138951	0.00238515	35.664
0.00194169	0.00139237	0.00238325	35.838
0.00190545	0.00142575	0.00238515	36.726
0.0018921	0.00143433	0.00238039	37.272
0.00191785	0.0013857	0.00238039	35.628
0.0019436	0.00139714	0.00239183	35.964
0.00190163	0.00141717	0.00237276	36.756
0.00195123	0.00140382	0.00240518	35.946
0.00195314	0.00143719	0.00242902	36.228
0.00193883	0.00139046	0.00239183	35.442
0.00191403	0.00140763	0.00237562	36.552
0.00194932	0.00140954	0.00241186	35.814
0.00195314	0.00142575	0.00242426	35.916
0.0019436	0.00140191	0.00240614	35.634
0.00192071	0.00140382	0.00237466	36.264
0.00195027	0.00142861	0.00242426	36.006
0.00192738	0.00139142	0.00238039	35.712
0.00193978	0.00144196	0.00241567	36.702
0.00190831	0.00141717	0.00238039	36.39
0.001894	0.00141621	0.00237276	36.612
0.00193024	0.00136376	0.00235845	35.538
0.00191785	0.00142957	0.00238992	37.014
0.00189782	0.0014267	0.00237562	36.906
0.00196554	0.00142575	0.00242712	36.006
0.00194646	0.00144482	0.00243093	36.51
0.00192452	0.00141335	0.00239088	36.162
0.00197507	0.00143243	0.00244428	35.718
0.0019312	0.0014639	0.00241758	37.356
0.00195409	0.00147057	0.00244428	36.84
0.00196172	0.00150586	0.0024748	37.392
0.00200559	0.0014763	0.00249387	36.408
0.00195791	0.00146199	0.00244428	36.726
0.0019312	0.00145531	0.00241853	37.026
0.00194455	0.00147439	0.00243761	37.242
0.00192071	0.00146676	0.00242426	37.272
0.00193311	0.00147248	0.00242902	37.182
0.00201131	0.00148297	0.0024891	36.462
0.00197603	0.00146676	0.00245573	37.002
0.00196554	0.00147248	0.00246431	36.834
0.00201799	0.00144769	0.00247575	35.766
0.00195791	0.00140382	0.00240614	35.652
0.00199319	0.00145055	0.0024624	36.024
0.00198938	0.0014	0.00242712	35.214
0.00200082	0.00141431	0.00245096	35.298
0.00196172	0.00137425	0.00239564	35.1
0.00197031	0.00140477	0.00241758	35.316
0.00197031	0.00137425	0.00239851	35.046
0.00196363	0.00133515	0.00236608	34.368
0.00197031	0.00132561	0.00237276	33.87
0.00176717	0.00136185	0.00222971	37.434
0.00170995	0.00136281	0.00218584	38.316
0.00172425	0.00138951	0.00221349	38.778
0.00175668	0.00142957	0.00226499	39.102
0.00179864	0.00139714	0.00228216	37.83
0.00177575	0.00136185	0.00223352	37.446
0.00179292	0.00134564	0.00225164	36.81
0.00184823	0.00140477	0.0023203	37.176
0.00186253	0.00138093	0.00232126	36.54
0.00190068	0.00136185	0.00233938	35.484
0.00188447	0.00139714	0.00234129	36.738
0.00185967	0.00134564	0.00229932	35.946
0.0019045	0.00138188	0.00235654	35.952
0.00188447	0.0013733	0.00232984	35.988
0.00193501	0.00131799	0.00234415	34.194
0.00190831	0.00132466	0.00232221	34.686
0.00192357	0.00135709	0.00235654	35.046
0.00188542	0.00136567	0.00232698	35.958
0.00193501	0.00131608	0.00233556	34.368
0.00191499	0.00133038	0.00232698	34.866
0.00192071	0.00135232	0.00235082	35.346
0.00191785	0.00131131	0.00232221	34.236
0.00190354	0.00133801	0.00233079	35.082
0.00189019	0.00134564	0.00232317	35.46
0.0019064	0.00134278	0.00233556	35.142
0.00190831	0.00132466	0.0023184	34.836
0.00193787	0.00134278	0.00235178	34.794
0.00191689	0.00133324	0.0023327	34.854
0.00192357	0.00134183	0.00234891	34.884
0.00189496	0.00132085	0.00231172	34.902
0.00189782	0.00131799	0.002306	34.782
0.00189496	0.00130368	0.00230505	34.572
0.00193787	0.0013094	0.00233556	34.098
0.00189877	0.0013466	0.00232698	35.508
0.00193787	0.00133515	0.00235845	34.638
0.00192643	0.00131703	0.00233079	34.512
0.00189305	0.00129891	0.00229169	34.716
0.00188161	0.00130749	0.00229742	34.752
0.00190926	0.00131799	0.00232698	34.734
0.00188256	0.0013342	0.00231649	35.496
0.00191308	0.00131131	0.00231935	34.596
0.00188924	0.00132371	0.00230695	34.986
0.00188351	0.00133515	0.00230695	35.328
0.00188638	0.0012951	0.0022812	34.662
0.00191499	0.00132371	0.00232317	34.842
0.0019045	0.00135327	0.00233842	35.286
0.0018673	0.00135041	0.00230886	35.898
0.00191022	0.00133324	0.00233366	35.04
0.00193787	0.00134373	0.00235178	34.758
0.0019188	0.0013609	0.00234891	35.232
0.00191499	0.00131131	0.00232507	34.302
0.0018797	0.00131036	0.0022936	34.746
0.00197698	0.00144769	0.00245763	36.066
0.000393869	0.000289919	0.000415804	39.12
5.0545e-05	8.58313e-06	5.0545e-05	11.31
5.81744e-05	4.67303e-05	7.05724e-05	33.996
0.00154591	0.00118447	0.00202657	36.846
0.00194836	0.00141621	0.00240518	36.012
0.00192834	0.00144482	0.002409	36.666
0.0019684	0.00144578	0.00244333	36.246
0.00193883	0.0014639	0.00243093	36.978
0.00196172	0.00139046	0.00240518	35.322
0.00194646	0.00140286	0.00240232	35.724
0.00198556	0.00143719	0.00244237	36.108
0.00197317	0.00140191	0.00241758	35.52
0.0019951	0.00143243	0.00245382	35.892
0.00201036	0.00144673	0.00247957	36.006
0.00195791	0.00141335	0.00241758	35.76
0.00200941	0.00139428	0.00244142	34.896
0.00192738	0.00140572	0.00239374	35.916
0.00200178	0.00140858	0.00244047	35.406
0.00197507	0.00139046	0.00242235	34.902
0.00197698	0.00137807	0.00241186	34.812
0.00196458	0.00139809	0.002409	35.496
0.00194169	0.00139905	0.00239469	35.904
0.00200082	0.00140572	0.00244428	35.124
0.00197698	0.00135613	0.00240041	34.584
0.00196649	0.00145436	0.00244714	36.45
0.00196649	0.00141907	0.00242426	35.73
0.00201704	0.00142194	0.0024624	35.226
0.00191975	0.00134183	0.00234319	34.836
0.00197031	0.00142003	0.00242902	35.616
0.00196649	0.00135995	0.00238802	34.86
0.00196745	0.00142003	0.00242712	36.012
0.00195695	0.00143719	0.00243284	36.294
0.00196363	0.00142957	0.00242712	36.198
0.00197698	0.00144387	0.00244905	36.09
0.00195505	0.00141145	0.002409	35.736
0.00198938	0.00140191	0.00243093	35.226
0.00192166	0.00140572	0.00238039	36.39
0.00198366	0.00140572	0.00242712	35.166
0.00196745	0.00135709	0.00239755	34.668
0.0019684	0.00138665	0.00240518	35.208
0.0019808	0.00140382	0.00242426	35.454
0.0019808	0.00141431	0.00243379	35.622
0.00196554	0.00139905	0.00240614	35.532
0.00200178	0.00137139	0.00242902	34.452
0.00196458	0.00135613	0.00239278	34.59
0.00195695	0.00143433	0.00243475	36.18
0.00197317	0.00138665	0.00240709	35.136
0.00196363	0.00139333	0.00241281	35.418
0.00196458	0.00137711	0.00239374	35.106
0.00196745	0.0013876	0.002409	35.118
0.00198461	0.00139237	0.00242521	35.076
0.00193883	0.00138665	0.00238229	35.718
0.0019436	0.00144769	0.00242235	36.528
0.00192071	0.00138951	0.00235845	35.886
0.00195314	0.00139428	0.00239374	35.742
0.00191594	0.00141431	0.0023842	36.27
0.00198366	0.0014124	0.00243379	35.304
0.00194741	0.00142861	0.00241567	36.318
0.00194455	0.00137902	0.00238515	35.346
0.00190831	0.00136376	0.00235559	35.418
0.00190831	0.00135518	0.00233938	35.22
0.00192643	0.00139237	0.00237752	36.018
0.00193883	0.00137521	0.00237657	35.178
0.00193978	0.00137044	0.00237371	35.238
0.00194646	0.00138188	0.00239278	35.394
0.00189973	0.00136185	0.00234033	35.67
0.00192166	0.00138474	0.00236513	35.934
0.00189305	0.00133801	0.0023203	35.166
0.0018797	0.0013857	0.00233079	36.606
0.00186539	0.00135613	0.00230505	36.006
0.00188161	0.00135136	0.00231077	35.61
0.00192643	0.00132848	0.00233842	34.614
0.00186635	0.00125218	0.00225355	33.846
0.0018549	0.00125886	0.00224496	34.122
0.0018406	0.00124932	0.00223257	34.32
0.00184632	0.0012827	0.00225259	34.818
0.001853	0.00127316	0.00224687	34.602
0.00180436	0.00116826	0.00213911	33.144
0.00180054	0.00117398	0.00214101	33.156
0.00175191	0.00116826	0.00210573	33.648
0.00175381	0.0011778	0.00211622	33.852
0.0017643	0.00121308	0.00214387	34.38
0.00165368	0.00104523	0.00195791	32.07
0.00167084	0.00104428	0.00197984	32.052
0.00163556	0.00105096	0.00194455	32.538
0.00166798	0.00102998	0.00196363	31.578
0.00167084	0.00108147	0.00198843	33.096
0.00169373	0.00109292	0.00201513	32.79
0.00169564	0.00105859	0.00199319	32.172
0.00169373	0.00107003	0.00201036	31.95
0.00168229	0.00107098	0.00198461	32.862
0.00154019	0.000945095	0.00181008	31.644
0.00158311	0.000960354	0.00185109	31.212
0.00154687	0.000949863	0.00181962	31.602
0.00158978	0.000967029	0.00185777	31.404
0.00156785	0.000919346	0.00181294	30.312
0.00160504	0.000924114	0.00185586	30.072
0.00159455	0.000936512	0.00185014	30.492
0.00156594	0.000909809	0.00181676	30.0
0.00155354	0.000893597	0.00179387	29.85
0.00161267	0.000924114	0.00185777	29.838
0.00158311	0.000936512	0.00183774	30.672
0.00159455	0.000888828	0.00183106	29.118
0.00156976	0.000913624	0.00181676	30.264
0.00158406	0.000937466	0.00184251	30.786
0.00158311	0.000910763	0.0018282	29.91
0.00158406	0.000901226	0.00181485	29.628
0.0015936	0.000905041	0.00183583	29.448
0.0015564	0.000929836	0.00181294	30.858
0.0016079	0.000889782	0.00183106	29.076
0.0016327	0.000925068	0.00187684	29.724
0.00155831	0.000995643	0.0018549	32.472
0.00164223	0.000927929	0.00188256	29.526
0.00156689	0.000927929	0.00181962	30.588
0.00165654	0.00104237	0.00196935	32.148
0.00163937	0.00102902	0.00193787	32.16
0.00166512	0.00107003	0.00197412	32.748
0.0016842	0.00106812	0.00198652	32.334
0.0017252	0.00106622	0.00203134	31.716
0.00165368	0.00104142	0.00196077	32.226
0.00170232	0.0011015	0.00202371	33.21
0.0017891	0.00117017	0.00214864	32.988
0.00172997	0.00105286	0.00202371	31.248
0.00168515	0.00106049	0.00199129	32.178
0.00174714	0.00107194	0.0020466	31.872
0.00177098	0.00118638	0.00214197	33.786
0.00184251	0.00120831	0.00219823	33.396
0.00175572	0.0010891	0.00205709	31.644
0.00168992	0.00100804	0.00196458	30.852
0.00172425	0.00102711	0.00200655	31.08
0.0016842	0.00102139	0.00197031	31.32
0.00171376	0.000986107	0.00198175	29.832
0.0016594	0.000973705	0.00193597	30.09
0.00169087	0.0010109	0.00197317	31.026
0.00169564	0.00104905	0.00199319	31.686
0.00184632	0.00130749	0.00227453	35.508
0.00190545	0.00139523	0.00235368	36.072
0.00183869	0.0012827	0.00223829	35.046
0.00193024	0.00132848	0.00234605	34.626
0.00191975	0.00140096	0.00237657	35.766
0.0019436	0.00138188	0.00238325	35.526
0.00191785	0.00133992	0.00233366	35.07
0.00190545	0.00134755	0.00233175	35.448
0.0019064	0.00138188	0.00236227	35.988
0.00192834	0.00135327	0.00236036	34.8
0.00196077	0.00131512	0.00236608	33.786
0.00195505	0.0013609	0.00238611	34.86
0.00190068	0.00140477	0.0023699	36.078
0.00193024	0.00137521	0.00236894	35.496
0.00190163	0.00133515	0.00232317	35.04
0.00189114	0.00133324	0.00231649	34.998
0.00188447	0.00132943	0.00230028	35.604
0.00187302	0.0013485	0.00230981	35.772
0.00186921	0.00135041	0.00230981	35.58
0.00192738	0.00134946	0.00234796	35.052
0.00189305	0.00128938	0.00228406	34.164
0.00190736	0.00130749	0.00231458	34.59
0.00191499	0.0012951	0.00231649	33.87
0.00189305	0.00131512	0.00230314	34.956
0.00184251	0.00128079	0.0022402	34.884
0.00184251	0.00129224	0.00224401	35.304
0.00188542	0.00126553	0.00226976	34.068
0.00182153	0.00125886	0.00221349	34.698
0.00187302	0.00128651	0.00227262	34.5
0.00186444	0.00126744	0.00224783	34.278
0.00186063	0.00123883	0.00223733	33.558
0.00184823	0.00131131	0.00226308	35.358
0.00187016	0.00127316	0.00226118	34.254
0.00186444	0.00132371	0.00229074	35.43
0.00188256	0.00128651	0.00227644	34.368
0.00194646	0.00129987	0.00234319	33.726
0.00188161	0.00131512	0.00229742	34.8
0.00192452	0.00131799	0.00232793	34.44
0.00187588	0.00129224	0.00227644	34.47
0.00187302	0.00124169	0.00224973	33.486
0.00190068	0.0013485	0.00233079	35.406
0.00190354	0.00131322	0.00231649	34.608
0.00187588	0.00129891	0.00228693	34.632
0.00190163	0.00129033	0.00229742	34.218
0.00191594	0.0013733	0.00235178	35.676
0.00191117	0.00135899	0.00235273	35.124
0.00187493	0.00128842	0.00227739	34.254
0.00192166	0.00131036	0.00232317	34.422
0.00187302	0.00130177	0.00227834	34.776
0.00188542	0.001297	0.00228693	34.488
0.0019045	0.00129224	0.00229169	34.344
0.0018797	0.00130082	0.00228502	34.626
0.00190831	0.00133611	0.00232507	35.004
0.00190354	0.00130463	0.00231172	34.32
0.00192166	0.00133038	0.00233652	34.716
0.00190831	0.00125504	0.00228979	33.336
0.00188447	0.00127221	0.00227739	33.99
0.00192452	0.00134087	0.00234319	34.86
0.00192357	0.00130368	0.00232126	34.164
0.00189496	0.00133706	0.0023203	35.166
0.00191975	0.00136281	0.00234891	35.538
0.00192643	0.00132848	0.0023451	34.572
0.0019045	0.00133324	0.00232412	35.046
0.0019064	0.00128365	0.00229646	34.032
0.00192834	0.00130368	0.00232889	34.11
0.00189591	0.00131322	0.00231077	34.788
0.00189973	0.00129891	0.00230028	34.272
0.00186635	0.00127984	0.00226308	34.482
0.00187112	0.00129605	0.0022793	34.746
0.00186444	0.00130559	0.00227739	35.064
0.00185586	0.001297	0.00226308	34.908
0.00191785	0.00126458	0.00230218	33.306
0.00185109	0.00131512	0.00226308	35.526
0.00187207	0.0012951	0.00227834	34.572
0.00189114	0.00130177	0.00229646	34.44
0.00186635	0.00130177	0.00227834	34.614
0.000463488	0.000235558	0.000411989	30.006
-4.7684e-06	-5.72208e-06	3.81473e-06	-90.0
-8.58313e-06	2.9564e-05	3.24252e-05	109.134
-4.00546e-05	-1.52589e-05	3.14715e-05	-145.224
-2.86104e-06	1.90736e-06	9.5368e-06	164.052
-1.52589e-05	-7.62945e-06	1.81199e-05	-177.882
2.0981e-05	-4.7684e-06	2.0981e-05	-3.69
0.0	0.0	3.81473e-06	6.342
-6.67575e-06	5.72208e-06	1.04905e-05	48.18
1.52589e-05	3.43325e-05	3.62399e-05	45.852
3.52862e-05	1.71663e-05	4.76839e-05	27.552
1.90736e-06	1.90736e-06	8.58313e-06	25.2
-4.7684e-06	-6.67575e-06	4.7684e-06	-140.196
-9.5368e-06	-6.67575e-06	1.52589e-05	-154.356
-4.7684e-06	-9.5368e-06	6.67575e-06	-98.13
2.57493e-05	3.81473e-06	2.47956e-05	8.364
-1.81199e-05	7.62945e-06	1.90736e-05	177.612
2.6703e-05	5.72208e-06	3.05178e-05	13.734
-3.62399e-05	4.7684e-06	3.91009e-05	164.178
-3.05178e-05	-4.7684e-06	3.71935e-05	-176.37
-1.71663e-05	-2.00273e-05	2.47956e-05	-115.908
-2.6703e-05	-3.33788e-05	3.91009e-05	-110.556
5.72208e-06	6.67575e-06	6.67575e-06	120.966
1.71663e-05	1.14442e-05	2.57493e-05	27.822
-2.3842e-05	-4.29156e-05	4.86376e-05	-110.82
-5.72208e-06	2.00273e-05	2.0981e-05	98.88
2.19346e-05	1.90736e-05	3.05178e-05	34.776
1.90736e-06	5.72208e-06	8.58313e-06	146.31
7.62945e-06	4.38693e-05	4.10082e-05	79.878
-3.14715e-05	1.90736e-05	3.52862e-05	149.586
3.81472e-05	-2.28883e-05	4.38693e-05	-40.236
-4.19619e-05	-3.14715e-05	5.6267e-05	-151.698
2.00273e-05	3.71935e-05	3.91009e-05	67.458
2.47956e-05	-1.81199e-05	3.05178e-05	-29.292
-2.86104e-06	3.81473e-06	8.58313e-06	173.658
1.90736e-06	1.71663e-05	1.81199e-05	86.058
8.58313e-06	1.71663e-05	1.71663e-05	56.31
-2.86104e-06	-3.05178e-05	2.9564e-05	-100.542
2.86104e-06	-1.43052e-05	1.52589e-05	-70.824
-6.67575e-06	1.90736e-05	1.90736e-05	70.974
4.38693e-05	2.0981e-05	5.24523e-05	21.804
2.86104e-06	-4.10082e-05	4.10082e-05	-73.302
-2.0981e-05	0.0	1.52589e-05	153.438
3.81473e-06	-2.47956e-05	2.57493e-05	-80.076
3.81473e-06	1.52589e-05	1.71663e-05	53.532
1.43052e-05	-1.43052e-05	1.81199e-05	-38.292
2.86103e-05	-2.86104e-06	2.86103e-05	-5.316
2.86103e-05	1.90736e-05	3.14715e-05	36.87
1.90736e-06	4.7684e-06	1.14442e-05	32.274
-1.33515e-05	2.19346e-05	2.3842e-05	107.448
2.3842e-05	-1.71663e-05	3.05178e-05	-10.842
-1.04905e-05	-1.14442e-05	1.23978e-05	-117.9
-2.0981e-05	-1.43052e-05	1.81199e-05	-133.362
-7.62945e-06	-1.81199e-05	2.19346e-05	-138.816
1.90736e-06	2.0981e-05	2.3842e-05	109.746
1.90736e-05	2.86104e-06	2.19346e-05	1.686
-9.53682e-07	3.81473e-06	1.04905e-05	45.0
-2.28883e-05	-2.19346e-05	3.24252e-05	-136.638
0.0	3.91009e-05	3.62399e-05	86.7
-6.67575e-06	4.38693e-05	4.38693e-05	105.102
-6.67575e-06	4.57766e-05	4.48229e-05	89.106
8.58313e-06	-2.00273e-05	1.81199e-05	-100.494
9.5368e-06	5.72208e-06	1.14442e-05	42.708
0.0	-3.81473e-06	3.81473e-06	-105.948
2.86104e-06	-1.71663e-05	2.19346e-05	-42.882
-2.3842e-05	2.57493e-05	3.14715e-05	119.292
9.5368e-06	8.58313e-06	1.04905e-05	47.49
-7.62945e-06	-2.28883e-05	2.57493e-05	-110.226
3.81473e-06	-2.9564e-05	2.76567e-05	-78.408
-1.33515e-05	1.52589e-05	1.90736e-05	125.754
2.6703e-05	-1.71663e-05	2.86103e-05	-29.58
8.58313e-06	-1.33515e-05	1.81199e-05	-39.558
-3.62399e-05	-4.7684e-06	4.10082e-05	177.228
1.90736e-06	-8.58313e-06	3.81473e-06	-171.87
-2.47956e-05	-9.5368e-06	2.0981e-05	-154.29
-1.23978e-05	-2.86104e-06	1.71663e-05	-178.026
3.24252e-05	1.62126e-05	3.05178e-05	33.312
8.58313e-06	2.19346e-05	2.57493e-05	75.324
0.0	6.67575e-06	8.58313e-06	59.742
1.43052e-05	-2.0981e-05	2.86103e-05	-41.424
3.14715e-05	5.72208e-06	2.76567e-05	15.126
-3.81473e-06	-1.33515e-05	2.19346e-05	-142.254
-1.43052e-05	-2.0981e-05	2.57493e-05	-125.706
1.90736e-05	-2.28883e-05	3.14715e-05	-42.582
2.28883e-05	-5.72208e-06	2.19346e-05	-26.562
3.81473e-06	2.3842e-05	2.47956e-05	113.202
1.33515e-05	5.72208e-06	1.04905e-05	16.698
-1.90736e-06	2.86104e-06	5.72208e-06	170.538
-9.5368e-06	9.5368e-06	2.0981e-05	161.112
-1.90736e-05	1.23978e-05	1.90736e-05	135.0
-2.6703e-05	3.14715e-05	3.33788e-05	118.218
-1.14442e-05	-1.23978e-05	2.28883e-05	-159.624
-7.62945e-06	5.72208e-06	6.67575e-06	84.804
-2.86104e-06	-1.71663e-05	1.90736e-05	-84.474
1.71663e-05	-2.86104e-06	2.76567e-05	-2.49
1.43052e-05	1.04905e-05	1.62126e-05	56.31
-3.05178e-05	-9.53682e-07	3.24252e-05	-176.634
-1.33515e-05	0.0	1.23978e-05	-163.608
0.0	0.0	0.0	-45.0
0.000924114	0.00069714	0.00135518	33.888
0.00192643	0.00136376	0.00235941	35.424
0.00197031	0.00135899	0.00239755	34.65
0.00192834	0.00134564	0.00234891	35.064
0.00187302	0.00135899	0.0023184	35.886
0.00196935	0.00135709	0.00237752	34.818
0.00193787	0.00128079	0.00232603	33.426
0.00191785	0.00135136	0.00234891	35.19
0.00192834	0.00134183	0.00234796	34.746
7.24797e-05	-1.90736e-06	6.96187e-05	-1.638
4.86376e-05	1.71663e-05	5.3406e-05	25.02
0.00103284	0.000755314	0.00144101	33.504
0.00192929	0.00134469	0.00235559	34.83
0.00188447	0.00135518	0.00232412	35.472
0.00195695	0.00134373	0.00237276	34.416
0.00191689	0.00133515	0.00233556	34.686
0.00190831	0.0013218	0.00231363	34.8
0.0018797	0.00134373	0.00230981	35.346
0.00188924	0.00130845	0.00228979	34.938
0.00191308	0.00133706	0.00233366	35.112
0.00193311	0.00131703	0.00233556	34.224
0.00190926	0.00129319	0.00230028	34.44
0.00189496	0.00132466	0.00231363	34.926
0.00188447	0.00130845	0.0022936	34.674
0.00191975	0.00129319	0.00231935	33.984
0.00187302	0.00133134	0.00229456	35.418
0.00184918	0.00132275	0.00227834	35.442
0.00193024	0.00129987	0.00232984	33.972
0.00190831	0.00130463	0.00231649	34.248
0.0019064	0.00131131	0.00231268	34.608
0.00188161	0.00130749	0.00229074	34.932
0.00191212	0.00128175	0.00230409	33.978
0.00191975	0.00133134	0.00233079	34.812
0.0019436	0.00136853	0.00237562	35.178
0.00191785	0.00135709	0.00234701	35.256
0.00192643	0.00134183	0.0023451	34.956
0.00196363	0.00136853	0.00239755	34.752
0.00193311	0.00132848	0.0023451	34.548
0.00194646	0.00132943	0.00236322	34.278
0.00194169	0.00133706	0.00235559	34.686
0.00193501	0.00135232	0.0023575	35.064
0.00192929	0.00130654	0.00233461	33.864
0.00193978	0.00134755	0.00235941	34.848
0.00192643	0.00132371	0.00233652	34.536
0.00193024	0.00134373	0.00234701	34.836
0.00191594	0.00133611	0.00233556	34.836
0.00194169	0.00134373	0.00235178	34.608
0.00191308	0.00134755	0.00233842	35.322
0.00191975	0.00133038	0.00233366	34.818
0.00192071	0.00131703	0.00233175	34.482
0.00188447	0.00135709	0.00232317	35.838
0.00191499	0.00132657	0.00232984	34.812
0.00192071	0.00131989	0.00233556	34.53
0.00189782	0.00135041	0.0023451	35.202
0.00195123	0.00135995	0.00238706	34.752
0.0019312	0.00132657	0.00234224	34.536
0.00192357	0.00133134	0.00234319	34.758
0.0019312	0.00131417	0.00234129	34.134
0.00192261	0.00134469	0.0023451	35.058
0.00196935	0.00130177	0.00236036	33.39
0.00189591	0.00129796	0.00230123	34.17
0.00191594	0.00134087	0.00234224	34.938
0.00192071	0.00131512	0.00231649	34.596
0.0019436	0.00134373	0.00236513	34.848
0.00195505	0.00132371	0.00235941	34.158
0.00194264	0.00135995	0.00237085	34.95
0.00191975	0.00135041	0.00234319	35.274
0.00190163	0.00136376	0.00233842	35.634
0.00191975	0.00132752	0.00233747	34.464
0.00193978	0.00136758	0.00237276	34.962
0.00196458	0.0013218	0.00236417	34.122
0.00191499	0.00128938	0.00230981	33.774
0.00189973	0.00134755	0.00232698	35.256
0.00191785	0.0013485	0.00234891	34.932
0.0019064	0.00133515	0.00232698	35.04
0.00190926	0.00133038	0.00232126	35.226
0.0019312	0.0013733	0.00236703	35.4
0.00192834	0.0013218	0.00233556	34.56
0.00191499	0.00133324	0.0023451	34.428
0.00191785	0.00135709	0.00235273	35.322
0.00191689	0.00135899	0.00234224	35.7
0.00196745	0.0013342	0.00238039	34.05
0.00186158	0.00132657	0.00229551	35.25
0.00191975	0.00129891	0.00232698	33.888
0.00192357	0.00130749	0.00232603	34.338
0.00194646	0.00132943	0.00235559	34.392
0.00193311	0.00133992	0.00236036	34.692
0.00191403	0.00131799	0.00233175	34.272
0.00192643	0.00138284	0.00236417	35.7
0.00187302	0.00134373	0.00231363	35.52
0.00195695	0.00132657	0.00236036	34.392
0.0018921	0.00132466	0.00231363	35.052
0.00189305	0.00130654	0.00229932	34.86
0.00192166	0.00136567	0.00235941	35.214
0.00193024	0.00133515	0.00235368	34.614
0.00191975	0.00132657	0.00233461	34.644
0.00191403	0.00132752	0.00232507	34.818
0.00193501	0.00132466	0.00235082	34.44
0.00187588	0.00135899	0.0023184	35.898
0.00188828	0.00134278	0.00232507	35.412
0.00189496	0.00133134	0.00231363	35.064
0.00192357	0.00131989	0.00232984	34.656
0.00192834	0.00129891	0.00231744	34.14
0.00192643	0.00131799	0.00232507	34.386
0.0019436	0.00132943	0.00235845	34.302
0.00189019	0.00127507	0.00227644	34.332
0.00193406	0.00131322	0.00234033	34.176
0.00193024	0.00135518	0.0023575	34.962
0.0019188	0.00138093	0.00236227	35.892
0.0019064	0.00128842	0.00229742	34.152
0.00186158	0.00131512	0.00228311	35.298
0.00191975	0.00127698	0.00230314	33.768
0.00192357	0.00130749	0.00232507	34.362
0.0019064	0.00133515	0.00233079	34.932
0.00191499	0.00134087	0.00234415	34.956
0.00190354	0.00134183	0.00232698	35.004
0.00192834	0.00135041	0.00235273	35.124
0.00191499	0.00131703	0.00232984	34.428
0.00193692	0.00131799	0.00234701	34.278
0.00193787	0.00136472	0.00236417	35.238
0.0019188	0.00134946	0.00234319	35.136
0.00192071	0.00131036	0.00232984	34.368
0.0019312	0.00132561	0.00234319	34.524
0.00192738	0.00136281	0.00236227	35.202
0.00191022	0.00129319	0.00230695	34.05
0.00192166	0.0013218	0.00233366	34.584
0.00193024	0.00129891	0.00232984	33.762
0.00193787	0.00130845	0.00233366	34.386
0.00190068	0.0013485	0.00232793	35.346
0.0019064	0.00133706	0.00232793	34.944
0.0018921	0.00131703	0.00230695	34.926
0.00191403	0.00133515	0.00234987	34.674
0.00191785	0.00133801	0.0023327	35.016
0.00190163	0.00133706	0.00232317	35.148
0.00194836	0.00133897	0.00235464	34.824
0.00190068	0.00133038	0.00231458	35.13
0.00192929	0.00137521	0.00237562	35.37
0.00194169	0.00134469	0.00235845	34.812
0.00191499	0.00131417	0.00232412	34.32
0.00196363	0.00131894	0.0023718	33.714
0.0019312	0.00131322	0.00234319	33.978
0.00191308	0.00137807	0.00235368	35.76
0.00191689	0.00133515	0.00233842	34.632
0.00193501	0.00133134	0.00235082	34.608
0.001894	0.00131322	0.00230981	34.626
0.00193787	0.00135899	0.00235845	35.358
0.00187875	0.00131799	0.00229169	34.884
0.00191785	0.00134373	0.00234033	35.04
0.00191499	0.00133515	0.00233652	34.836
0.000329973	8.77385e-05	0.000289919	13.626
0.00182915	0.00131799	0.00226022	35.574
0.00187779	0.00129224	0.00227644	34.512
0.00187779	0.00131131	0.0022936	35.076
0.00191117	0.00130177	0.00231268	34.218
0.00187779	0.00132085	0.00228311	35.34
0.00188256	0.00134373	0.00230886	35.67
0.00193692	0.00134183	0.00236131	34.566
0.00193787	0.00133801	0.00236036	34.656
0.00187302	0.0013857	0.00232603	36.426
0.00194455	0.00138856	0.00238611	35.58
0.00193978	0.0013857	0.00237943	35.664
0.00195123	0.00135613	0.00237371	34.752
0.00188542	0.00132848	0.00230695	35.124
0.00189782	0.00131036	0.00230981	34.62
0.00189687	0.00133801	0.00232698	35.142
0.00190163	0.00133611	0.00232412	35.286
0.00189782	0.00131226	0.00231268	34.554
0.00189782	0.00134469	0.0023203	35.322
0.00185777	0.00133515	0.00228883	35.574
0.00187588	0.00130177	0.00228883	34.704
0.00190163	0.00130654	0.00230123	34.482
0.00185586	0.00130082	0.00225927	34.938
0.00181103	0.00125123	0.00219919	34.752
0.00180054	0.00127316	0.00220682	35.322
0.00184155	0.00126172	0.00222875	34.608
0.00176049	0.00123502	0.00215627	35.028
0.00179387	0.00131894	0.00222971	36.234
0.00184918	0.001297	0.00225641	35.172
0.00189687	0.00130368	0.00229742	34.638
0.00191022	0.00128461	0.00230886	34.098
0.00194169	0.00135709	0.00236703	35.04
0.00192071	0.00138379	0.00236894	35.82
0.00191117	0.00138856	0.00236036	36.144
0.00193978	0.00136185	0.00235845	35.352
0.00188161	0.00129414	0.00228502	34.608
0.0018797	0.00131131	0.00229169	34.83
0.00189973	0.00128938	0.00229169	34.182
0.00189496	0.0013218	0.00231649	34.698
0.00189114	0.00130749	0.00229837	34.518
0.00188638	0.00129128	0.00228597	34.29
0.00188924	0.00132848	0.00231172	34.902
0.00190926	0.00132466	0.00232698	34.854
0.00187493	0.00135327	0.00231172	35.652
0.00187684	0.00130654	0.00228502	34.722
0.00187302	0.00131989	0.00228693	35.208
0.00190163	0.00134183	0.00232984	35.172
0.00188638	0.00129414	0.00229169	34.422
0.00187207	0.00132466	0.0022936	35.334
0.00187779	0.00135709	0.00232317	35.85
0.00189496	0.0012951	0.00230314	34.212
0.00191403	0.00128365	0.00229646	34.122
0.00188256	0.00130845	0.00229837	34.674
0.00189877	0.00134373	0.00232412	35.37
0.00190259	0.00137711	0.00234987	36.0
0.00190354	0.00132943	0.00232221	34.842
0.00192166	0.00130463	0.00231649	34.254
0.00188351	0.00130177	0.00229551	34.602
0.0019064	0.00127507	0.00229265	33.78
0.00192452	0.00131131	0.00233556	34.05
0.00190163	0.00132371	0.00231172	34.86
0.00158311	0.00101376	0.00157929	34.782
0.000779156	0.000641827	0.00118733	35.862
0.00169087	0.00115681	0.00208189	34.332
0.00190831	0.00133515	0.00232984	35.154
0.00193406	0.00132848	0.00233842	34.776
0.00189973	0.00129796	0.00230123	34.296
0.00191308	0.00131322	0.00232317	34.398
0.00192357	0.0013485	0.00234891	34.968
0.00188351	0.00132561	0.00231172	35.046
0.00190354	0.00131036	0.00231077	34.542
0.000752453	0.000453951	0.000763897	32.664
0.00186539	0.00129319	0.00226499	34.806
0.00191308	0.00135041	0.00233938	35.376
0.00187112	0.00130654	0.00223924	35.724
0.000150681	6.67575e-06	0.000149728	2.796
0.000211717	6.38966e-05	0.000216485	15.648
0.000157357	0.0	0.00015545	1.224
7.34334e-05	-2.00273e-05	6.77113e-05	-18.63
5.72208e-06	2.9564e-05	3.24252e-05	85.764
3.24252e-05	-1.14442e-05	3.52862e-05	-20.43
9.53679e-05	-2.86104e-06	9.15532e-05	-5.316
4.38693e-05	2.86103e-05	5.72207e-05	31.188
4.76839e-05	1.90736e-06	4.76839e-05	-3.18
2.86103e-05	1.52589e-05	3.81472e-05	22.836
5.9128e-05	-1.23978e-05	6.2943e-05	-10.728
7.43871e-05	-6.67575e-06	7.82018e-05	-8.064
6.77113e-05	-4.95913e-05	7.72481e-05	-31.404
0.000141145	-5.0545e-05	0.000144006	-18.432
7.05724e-05	-3.33788e-05	7.72481e-05	-26.562
6.77113e-05	-1.62126e-05	6.96187e-05	-16.02
3.05178e-05	-9.53682e-07	3.24252e-05	-3.366
7.24797e-05	-3.62399e-05	7.82018e-05	-28.164
0.000818256	0.000668529	0.00122453	35.442
0.00188256	0.00130082	0.00228979	34.644
0.00184441	0.00129414	0.00225545	34.908
0.00191212	0.00134564	0.00234129	34.932
0.00188256	0.00131989	0.00230028	34.992
0.00191022	0.00132371	0.00232984	34.878
0.00188447	0.00128747	0.00228693	34.206
0.00187588	0.00129987	0.00228597	34.818
0.00189687	0.0013485	0.00232507	35.496
0.00185777	0.00129033	0.00226976	35.022
0.00189114	0.00131608	0.00230695	34.902
0.00185586	0.00132848	0.00227834	35.64
0.00188447	0.00131989	0.00230505	34.95
0.00188733	0.00132371	0.002306	34.95
0.0018921	0.00131989	0.00231172	34.872
0.00187016	0.00132371	0.00228979	35.244
0.001853	0.00132466	0.00227644	35.748
0.00188828	0.00134278	0.0023184	35.178
0.00189114	0.00131512	0.00230505	34.566
0.000678066	0.000506405	0.000735287	39.156
8.39238e-05	6.48503e-05	0.000105858	38.436
0.000136376	1.71663e-05	0.000139237	6.012
0.00059605	9.91826e-05	0.000630382	9.336
0.00168801	0.000957493	0.00193597	29.658
0.00144959	0.00065041	0.00159741	24.264
0.00175572	0.00103856	0.00203516	30.612
0.00177766	0.00110627	0.00210096	31.866
0.00174619	0.00120831	0.00212289	34.71
0.00166894	0.00117398	0.00197984	35.874
0.00112248	0.000648502	0.00111771	32.952
-2.6703e-05	-4.7684e-06	3.05178e-05	-162.72
7.91554e-05	-1.62126e-05	7.91554e-05	-11.124
0.00133706	0.000506405	0.00132752	20.88
0.000555042	0.000626568	0.000893597	46.398
0.00073624	0.000881199	0.00113393	50.52
0.000683788	0.000774387	0.0010357	48.33
0.000688557	0.000748638	0.00102044	47.454
0.000670437	0.00078297	0.00102902	49.056
0.000668529	0.00080109	0.00104905	50.028
0.000661854	0.000777248	0.00102139	49.47
0.000700954	0.000789646	0.00106335	48.144
0.00065041	0.000764851	0.000999458	50.064
0.00069714	0.000794414	0.00105954	48.696
0.000675205	0.000806812	0.00105382	49.872
0.000661854	0.000757221	0.00100137	49.254
0.000649456	0.000770573	0.0010109	49.992
0.000668529	0.000770573	0.00101376	49.596
0.000687603	0.0007906	0.00105	48.624
0.000678066	0.00080109	0.00105286	49.602
0.000695232	0.000792507	0.00105286	48.9
0.000635151	0.000779156	0.00100518	51.312
0.000705723	0.00078297	0.0010481	48.126
0.000690464	0.00075436	0.00101853	47.34
0.000646595	0.000783924	0.00102044	50.418
0.000648502	0.000802997	0.00102902	50.67
0.000663761	0.000798229	0.00104047	49.938
0.000711445	0.000797275	0.00107289	48.018
0.00067139	0.00075436	0.00100709	48.438
3.71935e-05	1.23978e-05	2.86103e-05	16.554
-4.95913e-05	-4.57766e-05	6.5804e-05	-140.502
0.000644688	0.000752453	0.00101472	48.912
0.000678066	0.000791553	0.00104237	49.278
0.000670437	0.000811581	0.00105763	50.406
0.00069714	0.000771526	0.00104047	47.568
0.000664715	0.000777248	0.00102235	49.392
0.000700954	0.000785831	0.00105286	48.06
0.000683788	0.00080872	0.00105859	49.71
0.000667576	0.000776295	0.00102235	49.386
0.000692371	0.000796322	0.00105382	48.948
0.000686649	0.000800136	0.00106049	48.87
0.00067902	0.000807766	0.00106526	49.77
0.000316622	0.000485422	0.000649456	52.518
0.000661854	0.0007906	0.00103379	49.914
7.53407e-05	5.81744e-05	8.29701e-05	34.308
0.000691418	0.000776295	0.00103284	49.218
0.000677112	0.000797275	0.00104333	49.26
0.000282289	0.000307085	0.000338556	51.93
0.000129701	9.72752e-05	0.000134469	34.368
3.52862e-05	6.8665e-05	5.9128e-05	78.978
0.000683788	0.0007906	0.0010233	49.482
0.000638966	0.000745777	0.000993736	48.978
0.000677112	0.000792507	0.00104237	49.398
0.000667576	0.000779156	0.00102711	49.86
0.000670437	0.000794414	0.00104047	49.746
0.000698093	0.000803951	0.00106335	49.35
0.000727657	0.000803951	0.00109006	47.79
0.000654224	0.000773434	0.00101376	49.842
0.000708584	0.000822071	0.00108434	49.194
0.000700954	0.000802997	0.00107289	48.756
0.000688557	0.000773434	0.00103093	48.756
0.000687603	0.000828747	0.00108338	50.004
0.000695232	0.000802044	0.0010624	49.05
0.00072575	0.000753406	0.00104047	46.716
0.000672344	0.000752453	0.00101186	48.12
0.000654224	0.000767712	0.00101186	50.094
0.000675205	0.000799183	0.00104428	49.692
0.000670437	0.000814442	0.00105096	51.36
0.000706676	0.000806812	0.00107575	48.534
0.000704769	0.000802997	0.00106908	48.72
0.00067902	0.000805859	0.00105572	49.662
0.000688557	0.000803951	0.00105382	49.296
0.000675205	0.000821117	0.00107194	50.106
0.000686649	0.000818256	0.00107671	49.626
0.000706676	0.000783924	0.00106145	47.916
0.000695232	0.000781063	0.00104523	48.396
0.000675205	0.000765804	0.00101949	48.528
0.000688557	0.00077248	0.0010357	48.048
0.000694279	0.000805859	0.0010624	49.518
0.00067902	0.000815395	0.00106049	50.406
0.000658039	0.000815395	0.00104714	51.144
0.000700954	0.000818256	0.00108434	48.948
0.0006609	0.000814442	0.00104905	51.18
0.000673298	0.000825886	0.00106812	50.466
9.25069e-05	3.24252e-05	8.48775e-05	11.508
0.000641827	0.0008297	0.00105096	52.692
0.000489239	0.000648502	0.000836376	52.152
0.000695232	0.000789646	0.00105859	48.936
0.000268938	0.000267984	0.000367166	44.322
0.00176717	0.00110913	0.00209619	32.382
0.00176049	0.00115586	0.00210859	33.42
0.00163842	0.000985153	0.00174237	32.286
0.000615124	0.000495914	0.000942234	34.746
0.0017767	0.00116254	0.00206663	34.098
0.00181103	0.00125218	0.00219728	34.728
0.000553135	0.00035	0.000651363	33.048
0.00182153	0.0012312	0.00220396	34.002
0.0018797	0.00120354	0.00222971	32.628
0.00192357	0.00124837	0.00229837	32.988
0.00188256	0.00127793	0.00227739	34.194
0.00195409	0.00127507	0.00234224	33.006
0.00190545	0.00130177	0.00230409	34.41
0.00187493	0.001153	0.00220968	31.566
0.001853	0.00120545	0.002203	33.012
0.00182629	0.001153	0.00216199	32.262
0.00180817	0.00114632	0.00213625	32.496
0.00179005	0.00111485	0.0021124	32.136
0.00180245	0.00113011	0.00212671	32.136
0.00180627	0.001153	0.00214674	32.58
0.00181103	0.00115395	0.00215341	32.502
0.00194836	0.00127316	0.00232793	33.168
0.00173665	0.00117017	0.00209905	33.912
0.00170518	0.00119973	0.00208379	35.064
0.00167466	0.00119973	0.00206281	35.466
0.00174142	0.00120545	0.00212099	34.806
0.00190068	0.00124074	0.00227453	32.874
0.00193883	0.00128842	0.00232698	33.498
0.00193787	0.00130654	0.0023451	33.882
0.00191308	0.00121117	0.00225927	32.394
0.00188828	0.00126363	0.00226976	33.906
0.00186253	0.00125123	0.0022402	34.032
0.00188447	0.00127507	0.00227357	34.098
0.00190259	0.00129128	0.00230505	34.134
0.00190259	0.0012827	0.00228883	34.05
0.00192357	0.00126267	0.00230028	33.48
0.00156403	0.00107384	0.00193215	34.2
0.00190163	0.00128079	0.0022936	33.87
0.00189305	0.00125504	0.00226118	33.696
0.00187016	0.00127984	0.00226785	34.254
0.00193024	0.00131036	0.00233175	34.164
0.00192643	0.00132943	0.0023451	34.59
0.00189114	0.0013094	0.002306	34.566
0.00188924	0.00126839	0.00227453	33.954
0.00189973	0.00132657	0.0023184	35.028
0.00190736	0.00131512	0.0023203	34.692
0.00193024	0.00132752	0.00233842	34.584
0.00188638	0.00129891	0.00229169	34.362
0.00195123	0.00131322	0.00234987	34.17
0.00186539	0.00129128	0.00226785	34.626
0.00185777	0.00131512	0.00227262	35.424
0.00189782	0.00128938	0.00230218	33.972
0.00190831	0.0012951	0.00230886	34.26
0.0019064	0.00130463	0.00231649	34.104
0.00189973	0.00131989	0.00231172	34.806
0.00193311	0.00131989	0.00233366	34.254
0.00193978	0.00129224	0.00233079	33.684
0.0019045	0.00129414	0.00229742	34.134
0.00192929	0.00133229	0.00234891	34.422
0.00188161	0.00133706	0.00230886	35.412
0.00189877	0.00133801	0.00232317	35.13
0.00190736	0.00133324	0.00232317	34.806
0.00190163	0.0013094	0.00231172	34.536
0.00192071	0.00132371	0.00233842	34.482
0.00192071	0.00133992	0.00234033	34.956
0.00191689	0.00133992	0.00234033	35.046
0.0018549	0.00132275	0.00227453	35.436
0.00186826	0.00127507	0.00226785	34.296
0.00186444	0.00134087	0.00229742	35.508
0.00124837	0.000979431	0.00156499	38.556
0.00169373	0.00117112	0.002059	34.614
0.00168229	0.00117684	0.00205518	34.986
0.00161553	0.00121117	0.00201608	37.164
0.0016451	0.00113774	0.00199796	34.656
0.0016451	0.0012312	0.00206186	36.708
0.00173188	0.00122166	0.0021124	35.166
0.000765804	0.000688557	0.000968937	43.686
0.000720982	0.000696186	0.00100232	44.46
0.00108815	0.000873569	0.00139523	39.288
0.00104333	0.000845913	0.00134946	38.688
0.00081921	0.000739101	0.00110818	41.796
0.00109578	0.000893597	0.00143147	39.042
0.00098706	0.000817303	0.00121594	41.04
0.0016718	0.00108624	0.00196363	32.664
6.2943e-05	2.86103e-05	7.91554e-05	23.088
0.000105858	-1.23978e-05	0.000110627	-7.548
4.19619e-05	1.33515e-05	4.10082e-05	10.392
0.00021267	-6.96187e-05	0.000221253	-18.654
8.86922e-05	3.81472e-05	8.58312e-05	32.682
9.25069e-05	6.48503e-05	0.000113488	35.652
0.000159265	2.9564e-05	0.00016594	10.776
0.00013733	-1.14442e-05	0.000143052	-8.166
0.00017357	-2.28883e-05	0.000169755	-8.454
0.000196458	-2.00273e-05	0.000198365	-8.322
0.000180245	-4.48229e-05	0.000190736	-12.162
0.000211717	-5.81744e-05	0.000219346	-15.852
0.000112534	3.52862e-05	8.96459e-05	18.288
0.00156499	0.00107194	0.00191308	33.876
0.00179101	0.00131512	0.00222208	36.462
0.000822071	0.000216485	0.000879291	14.652
0.00121117	0.000389101	0.00127602	18.06
0.00160695	0.000802997	0.00180913	26.952
0.00175763	0.00115205	0.00210477	33.348
0.00178242	0.0012188	0.00216676	34.77
0.00181771	0.00122357	0.00218965	33.936
0.00183583	0.00121785	0.00220872	33.618
0.00186253	0.00123311	0.00223447	33.468
0.00183297	0.00126839	0.0022278	34.59
0.0018921	0.00127888	0.00227167	34.116
0.00188447	0.00123692	0.00226118	33.234
0.00186539	0.00128938	0.00227357	34.704
0.00189496	0.00130749	0.00229837	34.734
0.00182057	0.00128175	0.00223257	35.142
0.00182248	0.00126935	0.00223352	34.644
0.00190831	0.00127888	0.00229551	33.828
0.00172711	0.00119687	0.00210668	34.77
0.00137711	0.000984199	0.00163174	36.618
0.00131894	0.00100041	0.00162793	37.632
0.00124932	0.000949863	0.00157548	36.858
0.00135995	0.00105191	0.00175381	36.84
0.00175954	0.00119115	0.00212957	34.02
0.00186349	0.00127316	0.00226213	34.338
0.00186444	0.00128651	0.00226785	34.782
0.00189305	0.00131512	0.00229837	34.734
0.00186635	0.00130082	0.00227453	34.878
0.00184537	0.00132848	0.00227453	35.586
0.00182248	0.00129414	0.00224115	35.19
0.00185777	0.00131131	0.00227071	35.178
0.00189305	0.00128461	0.00228311	34.398
0.00186253	0.0013218	0.00227548	35.454
0.00186253	0.00129033	0.00226976	34.554
0.00188828	0.00129891	0.0022936	34.512
0.00189114	0.00129987	0.00229551	34.578
0.00189973	0.00131703	0.00230791	34.776
0.00183297	0.00124646	0.00221826	34.122
0.00188542	0.00125504	0.00226499	33.72
0.00193787	0.00123788	0.00230409	32.484