Time (s) 	 Position (mm) 	 Delay (s) 	 X 	 Y 	 R 	 theta 
#Without Preamplifier,Fluence 1 filter = NE15A-B, ZnTe detector angle dependance 40deg, Chopper 230Hz, time constant=0.3s 18dB, waiting time= 2.7s, sensitivity=20mV
3.678	8.0	5.33704e-11	-7.72481e-05	-0.000242234	0.000253679	-108.054
7.0041	8.1	5.403753e-11	-7.05724e-05	-0.000245096	0.000254633	-106.152
10.2827	8.2	5.470465999999999e-11	-8.96459e-05	-0.000306131	0.000318529	-106.014
13.577	8.3	5.5371790000000004e-11	-0.000121117	-0.000299456	0.000322344	-111.864
16.8392	8.4	5.603892e-11	-0.000129701	-0.000374796	0.000395777	-108.924
20.1337	8.5	5.670605e-11	-0.000154496	-0.000376703	0.000406267	-112.446
23.6843	8.6	5.737317999999999e-11	0.000670437	0.000889782	0.00111295	53.1
26.9789	8.7	5.804030999999999e-11	-0.000891689	-0.00104047	0.00136948	-130.626
30.2728	8.8	5.870744e-11	0.000121117	-0.000100136	0.000156404	-39.678
33.5669	8.9	5.937457e-11	-0.000271799	-0.000349047	0.000441553	-127.77
37.1174	9.0	6.004169999999999e-11	-0.00014782	-0.000315668	0.000347139	-114.846
40.3956	9.1	6.070883e-11	1.23978e-05	-0.000162126	0.000163079	-83.79
43.6898	9.2	6.137595999999999e-11	-6.2943e-05	-0.000211717	0.000221253	-106.8
46.9681	9.3	6.204309e-11	2.47956e-05	-0.000192643	0.000193597	-83.094
50.2473	9.4	6.271022e-11	-5.53133e-05	-0.000232697	0.00023842	-103.296
53.5255	9.5	6.337735e-11	-9.53682e-07	-0.000190736	0.000188828	-89.796
57.0754	9.6	6.404448e-11	-0.000102997	-0.000262262	0.000280382	-111.576
60.3538	9.7	6.471160999999999e-11	-8.20165e-05	-0.000257494	0.000267984	-107.262
63.648	9.8	6.537874000000001e-11	-7.1526e-05	-0.000232697	0.000242234	-106.986
66.9262	9.9	6.604587e-11	-8.48775e-05	-0.000252726	0.000265123	-108.936
70.4608	10.0	6.6713e-11	-6.96187e-05	-0.000242234	0.000250818	-106.566
73.7553	10.1	6.738012999999999e-11	-6.48503e-05	-0.000190736	0.000200273	-108.372
77.0335	10.2	6.804726e-11	-2.0981e-05	-0.000168801	0.000167848	-95.868
80.2965	10.3	6.871439e-11	-0.000120163	-0.00028515	0.000308039	-113.25
83.5585	10.4	6.938152e-11	1.81199e-05	-0.000149728	0.000150681	-82.158
86.8374	10.5	7.004865e-11	-3.62399e-05	-0.000179292	0.000181199	-101.436
90.3713	10.6	7.071578e-11	5.72207e-05	-0.000127793	0.000139237	-66.258
93.6496	10.7	7.138290999999999e-11	-2.47956e-05	-0.000229836	0.000229836	-95.994
96.9282	10.8	7.205004e-11	-0.000142098	-0.000302317	0.000333788	-115.392
100.2224	10.9	7.271717e-11	-5.9128e-05	-0.000197412	0.000205041	-106.38
103.7729	11.0	7.33843e-11	-8.58313e-06	-0.000189782	0.000188828	-92.622
107.0669	11.1	7.405142999999999e-11	-4.95913e-05	-0.000185014	0.000189782	-103.986
110.3455	11.2	7.471856e-11	-4.86376e-05	-0.000265123	0.000268938	-100.23
113.6396	11.3	7.538569e-11	-7.1526e-05	-0.000222207	0.000233651	-108.228
116.9348	11.4	7.605282e-11	1.23978e-05	-0.00017357	0.000172616	-85.788
120.2289	11.5	7.671994999999999e-11	-8.48775e-05	-0.000248911	0.000261309	-108.804
123.7634	11.6	7.738708e-11	-6.00817e-05	-0.00020218	0.000209809	-106.644
127.0576	11.7	7.805420999999999e-11	-2.86104e-06	-0.000122071	0.000121117	-90.312
130.3365	11.8	7.872134e-11	6.48503e-05	-0.000110627	0.000127793	-59.088
133.6307	11.9	7.938846999999999e-11	-9.5368e-06	-0.000181199	0.000181199	-93.798
137.1802	12.0	8.00556e-11	-6.67575e-06	-0.000188828	0.000187875	-91.428
140.4434	12.1	8.072272999999999e-11	-7.82018e-05	-0.000217439	0.000229836	-109.272
143.721	12.2	8.138985999999999e-11	-1.43052e-05	-0.000195504	0.00019455	-94.896
147.0002	12.3	8.205699e-11	-5.14986e-05	-0.000195504	0.000200273	-104.22
150.2779	12.4	8.272412e-11	-2.86103e-05	-0.000216485	0.000218392	-97.362
153.8444	12.5	8.339125e-11	5.72208e-06	-0.000182153	0.000181199	-87.678
157.1069	12.6	8.405837999999999e-11	-6.67577e-05	-0.000197412	0.000206948	-108.906
160.4018	12.7	8.472551e-11	-4.00546e-05	-0.000177384	0.000181199	-103.056
163.68	12.8	8.539264e-11	-1.71663e-05	-0.000182153	0.000183106	-94.986
166.9578	12.9	8.605977e-11	-2.3842e-05	-0.000217439	0.000218392	-96.282
170.2524	13.0	8.67269e-11	-5.9128e-05	-0.000215531	0.000223161	-105.24
173.8184	13.1	8.739403e-11	-9.63216e-05	-0.000216485	0.000234605	-113.796
177.0988	13.2	8.806115999999999e-11	-7.62945e-06	-0.00021267	0.000211717	-92.7
180.3772	13.3	8.872829e-11	-7.1526e-05	-0.000224114	0.000234605	-107.508
183.6554	13.4	8.939542e-11	-8.20165e-05	-0.000216485	0.00023079	-111.252
187.2056	13.5	9.006255e-11	-6.77113e-05	-0.000236512	0.000244142	-106.158
190.4832	13.6	9.072967999999999e-11	-2.76567e-05	-0.000208856	0.000209809	-97.26
193.761	13.7	9.139681e-11	-7.62944e-05	-0.000229836	0.000241281	-108.636
197.0407	13.8	9.206394e-11	-4.00546e-05	-0.000199319	0.00020218	-101.382
200.3351	13.9	9.273107e-11	-2.76567e-05	-0.000211717	0.00021267	-96.282
203.6455	14.0	9.339819999999999e-11	-4.95913e-05	-0.000210763	0.000216485	-103.44