X 	 Y 	 R 	 theta 
#With Preamplifier, ZnTe detector angle dependance 40deg, Chopper inside probe 388Hz inside Pump 230Hz, time constant=0.3s 18dB, waiting time= 1s, sensitivity=20mV, position 9.1mm
0.00192643	0.00320055	0.00375845	58.83
0.00215723	0.00359632	0.00419429	59.046
0.00216104	0.00362684	0.0042229	59.178
0.00215246	0.00361063	0.00420383	59.208
0.00216581	0.00363161	0.00422958	59.142
0.00218298	0.00361921	0.00422576	58.914
0.00215532	0.00362302	0.00421432	59.256
0.00215055	0.00360967	0.00420478	59.148
0.00220491	0.00361826	0.0042372	58.674
0.0021763	0.00361253	0.00421718	58.926
0.00219251	0.00361921	0.00423148	58.806
0.00216962	0.00358965	0.0041962	58.824
0.00217344	0.00362302	0.00422481	59.052
0.00215723	0.00361635	0.00420955	59.178
0.00216772	0.00361253	0.00421432	59.016
0.00217916	0.00358869	0.0041981	58.74
0.00216295	0.00359918	0.0041981	59.004
0.00216199	0.00358774	0.00418857	58.932
0.00215437	0.003603	0.00419906	59.118
0.00217439	0.00361349	0.00421622	58.98
0.00216199	0.00360967	0.00420764	59.064
0.00218202	0.00361826	0.00422481	58.914
0.00216962	0.0036297	0.00422958	59.142
0.00216295	0.00363256	0.00422767	59.238
0.00216009	0.00361826	0.00421336	59.148
0.00215627	0.00359632	0.00419429	59.046
0.00217439	0.00360872	0.00421432	58.92
0.00215913	0.00359346	0.00419238	59.04
0.0023451	0.00432685	0.00495151	61.572
0.00275899	0.0055218	0.00617984	63.462
0.00278093	0.00569823	0.00634292	63.99
0.0027981	0.00573352	0.0063782	63.984
0.00280572	0.00577548	0.00642207	64.11
0.0027857	0.00580123	0.00643542	64.344
0.00280572	0.00578693	0.0064297	64.152
0.00276662	0.00577262	0.00640109	64.392
0.00276281	0.00575641	0.00638393	64.374
0.00276567	0.00578693	0.00641444	64.44
0.00279619	0.00577739	0.00641921	64.17
0.00279237	0.00573733	0.00638106	64.038
0.00276567	0.00571159	0.00634483	64.17
0.00276567	0.00570586	0.00634101	64.146
0.00276758	0.005703	0.00634006	64.122
0.00276281	0.00571826	0.0063515	64.206
0.00275995	0.00573447	0.00636485	64.32
0.00278093	0.00573924	0.0063782	64.14
0.00275995	0.00569156	0.0063248	64.152
0.00277044	0.00573924	0.00637248	64.224
0.0027857	0.00576594	0.00640395	64.224
0.00279237	0.00578597	0.00642398	64.224
0.00281145	0.00577071	0.00642017	64.026
0.00278093	0.00578025	0.0064154	64.326
0.00254728	0.00515369	0.00571826	63.702
0.00192643	0.00328352	0.00378229	59.664
0.00172997	0.00275041	0.00324823	57.792
0.00195123	0.00330736	0.00388052	59.49
0.00267698	0.00537875	0.0060263	63.534
0.00279047	0.00577453	0.0064154	64.224
0.00278093	0.00577357	0.00640777	64.302
0.00280286	0.00579551	0.00643829	64.152
0.00281335	0.00579742	0.00644401	64.134
0.00278379	0.00577739	0.00641349	64.278
0.00280286	0.00577453	0.00641921	64.086
0.00281049	0.00577453	0.00642207	64.056
0.0027876	0.00577548	0.00641158	64.236
0.00254251	0.00554565	0.00608543	65.526
0.00220968	0.00517753	0.00562575	66.918
0.00221826	0.00524142	0.00570014	66.978
0.00260545	0.00565341	0.00623134	65.184
0.00276853	0.00573543	0.00636962	64.236
0.00279428	0.00573447	0.00637916	64.014
0.00280954	0.00573066	0.00638297	63.858
0.0028515	0.00570682	0.0063782	63.438
0.00285055	0.00559333	0.00627711	62.97
0.00287153	0.00554946	0.00624946	62.64
0.00284959	0.0055714	0.00625804	62.916
0.00284006	0.00553039	0.00621417	62.832
0.00276853	0.00521758	0.00590232	62.022
0.00272371	0.00507072	0.00575832	61.746
0.00274087	0.00516036	0.00584605	62.034
0.00284959	0.00545791	0.00616172	62.412
0.00288774	0.00559142	0.00629523	62.67
0.00288202	0.00557807	0.00627902	62.67
0.00288297	0.0055733	0.00627425	62.658
0.00288774	0.0055733	0.00627616	62.61
0.0029154	0.00561336	0.00632671	62.538
0.00295164	0.00565246	0.0063763	62.436
0.002903	0.00559428	0.0063	62.598
0.00280954	0.00550464	0.00618079	62.958
0.00275613	0.00538447	0.00604156	62.934
0.00262548	0.00519851	0.00582221	63.216
0.00260068	0.00518325	0.00580123	63.342
0.00278093	0.00547698	0.00615028	63.018
0.00286962	0.00560763	0.0063	62.874
0.00289156	0.00561145	0.00631335	62.718
0.00290681	0.00559524	0.00630477	62.562
0.00291349	0.00561908	0.00633147	62.61
0.00293829	0.00568679	0.00640109	62.664
0.00296308	0.00568011	0.00640681	62.454
0.00298502	0.00567821	0.00641444	62.268
0.00296785	0.00572494	0.00644878	62.604
0.00295736	0.00570872	0.0064297	62.61
0.00294782	0.00567153	0.00639156	62.55
0.00291444	0.00564483	0.0063515	62.7
0.0029278	0.00565341	0.00636676	62.622
0.00291826	0.0056515	0.00635818	62.718
0.00283147	0.00550845	0.00619224	62.778
0.00284769	0.00548747	0.0061827	62.562
0.00283815	0.00548556	0.00617889	62.616
0.00290777	0.00560191	0.0063124	62.562
0.00291063	0.00567535	0.00638011	62.832
0.00295641	0.00565723	0.00638202	62.4
0.00294305	0.00566104	0.00638106	62.52
0.00294305	0.00569442	0.00641063	62.664
0.0029297	0.00565627	0.00636962	62.622
0.00279714	0.00549605	0.00616363	63.048
0.00273897	0.00537685	0.00603488	62.994
0.00275423	0.00541881	0.00608256	63.03
0.00290014	0.0056496	0.00635341	62.796
0.00294496	0.00568774	0.00640491	62.628
0.0029545	0.00568011	0.00640205	62.526
0.00294115	0.00567821	0.00639537	62.616
0.00292303	0.00571254	0.00641826	62.904
0.00293447	0.00570396	0.00641349	62.778
0.00296499	0.00569823	0.00642493	62.49
0.00297643	0.00570205	0.00643161	62.454
0.00296594	0.0056906	0.0064173	62.46
0.00294782	0.00570205	0.00641921	62.682
0.00294496	0.00569156	0.00640967	62.628
0.00294019	0.00570205	0.00641635	62.706
0.00293352	0.00569251	0.006403	62.742
0.00292589	0.00567153	0.00638202	62.706
0.00289346	0.00567248	0.00636771	62.958
0.00292112	0.00565341	0.00636485	62.658
0.0029278	0.00564674	0.00636199	62.598
0.00292684	0.00567248	0.00638393	62.706
0.00293638	0.00567916	0.00639346	62.658
0.0029173	0.00568965	0.00639346	62.844
0.00290968	0.0056763	0.00637916	62.85
0.00292493	0.0056496	0.00636294	62.628
0.0029278	0.005703	0.00641158	62.838
0.00292684	0.00571635	0.00642303	62.886
0.00294401	0.00573543	0.00644687	62.826
0.0029173	0.0057402	0.00643733	63.048
0.0029545	0.00574592	0.00646213	62.772
0.002903	0.00573829	0.0064297	63.204
0.00287916	0.00576022	0.00644019	63.456
0.00285722	0.00576213	0.00643161	63.618
0.00286962	0.00573352	0.00641158	63.408
0.00288488	0.00573161	0.00641635	63.3
0.00286485	0.0057154	0.00639346	63.366
0.00290014	0.0057402	0.00643161	63.186
0.00279047	0.00563815	0.0062857	63.72
0.00268365	0.00550178	0.00612071	64.008
0.00277711	0.00563148	0.00628474	63.702
0.00287248	0.00570872	0.00639346	63.276
0.00292112	0.00576976	0.00646785	63.15
0.00291349	0.00574306	0.00644019	63.09
0.00294305	0.00571731	0.00643161	62.748
0.0029297	0.00570682	0.00641444	62.826
0.00293733	0.00571826	0.00642875	62.808
0.0029173	0.00569347	0.00639728	62.862
0.00293447	0.00565341	0.00637057	62.568
0.00293352	0.00566009	0.00637439	62.574
0.00290491	0.00560859	0.00631431	62.616
0.00289632	0.00554278	0.00625518	62.382
0.00288774	0.00551417	0.00622371	62.37
0.0028782	0.00546172	0.00617126	62.178
0.00287439	0.00542739	0.00614074	62.106
0.00285532	0.00544646	0.00614932	62.346
0.00284292	0.00542548	0.00612548	62.34
0.00284101	0.00535968	0.00606349	62.076
0.00288869	0.00549319	0.00621131	62.28
0.00288488	0.00557616	0.00627998	62.64
0.00287725	0.0055466	0.00624755	62.544
0.00292398	0.00563911	0.00635436	62.58
0.00292303	0.00564292	0.00635532	62.628
0.00293829	0.00566199	0.0063782	62.556
0.00293638	0.00568393	0.00639918	62.676
0.00293924	0.0057278	0.00643829	62.838
0.00294591	0.00571063	0.00642589	62.688
0.00296308	0.00572112	0.0064421	62.628
0.0029278	0.00568679	0.00639442	62.754
0.00294973	0.00569537	0.00641349	62.64
0.00294782	0.00572112	0.00643733	62.736
0.00292493	0.0057278	0.00643161	62.958
0.00295354	0.00572971	0.00644687	62.736
0.00293638	0.00576213	0.00646785	63.018
0.00293352	0.00578406	0.00648597	63.114
0.00292493	0.00575927	0.00646117	63.078
0.00291921	0.00575832	0.0064564	63.108
0.0029173	0.00575832	0.00645354	63.138
0.00291158	0.00572208	0.00642017	63.036
0.002903	0.00570777	0.00640395	63.024
0.002903	0.00569633	0.00639442	62.994
0.00290205	0.00571159	0.00640872	63.054
0.00292398	0.0057154	0.00642017	62.904
0.00293638	0.00573543	0.00644305	62.916
0.0029297	0.00572875	0.00643542	62.892
0.00294019	0.00572684	0.00643542	62.838
0.00291444	0.00570682	0.00640777	62.946
0.00293638	0.0057421	0.00644973	62.922
0.00293733	0.00575355	0.00646022	62.94
0.00291635	0.00573161	0.00642875	63.042
0.00294782	0.00568488	0.00640491	62.562
0.00296403	0.00570014	0.00642589	62.538
0.00294115	0.00566581	0.00638488	62.55
0.00293829	0.00564483	0.00636199	62.502
0.00293161	0.00557807	0.00630191	62.286
0.00288965	0.00559333	0.00629428	62.688
0.00289346	0.0055609	0.00626853	62.502
0.00289728	0.00555995	0.00626948	62.466
0.00290395	0.00560859	0.00631717	62.616
0.00289156	0.00553611	0.00624278	62.418
0.0027876	0.00529483	0.00598148	62.214
0.00280668	0.005312	0.00600722	62.166
0.00281049	0.0054293	0.0061169	62.64
0.00288107	0.0055714	0.00627616	62.628
0.00290681	0.00564006	0.00634483	62.748
0.00290777	0.00562957	0.00633624	62.694
0.00291254	0.00566676	0.00637153	62.796
0.002903	0.00563052	0.00633433	62.712
0.00291444	0.00569156	0.00639632	62.88
0.00292398	0.00570014	0.00640681	62.826
0.00295068	0.00568202	0.00640205	62.568
0.00294401	0.00570586	0.00642207	62.706
0.00293066	0.00572303	0.0064297	62.898
0.00293066	0.00572398	0.00643066	62.88
0.00290968	0.00571254	0.00641158	62.994
0.00289251	0.0056515	0.00634006	62.958
0.00253297	0.00514033	0.00573543	63.738
0.00272371	0.00547984	0.00612071	63.552
0.00262929	0.00527194	0.00588802	63.498
0.00260641	0.00525478	0.00586894	63.624
0.0025921	0.00523189	0.00583747	63.66
0.00263597	0.00536349	0.00597957	63.828
0.00265314	0.00541213	0.00602439	63.912
0.0025797	0.00524428	0.00584319	63.816
0.00264646	0.00538543	0.00601009	63.774
0.00284959	0.00567821	0.00635436	63.306
0.0029173	0.00570872	0.00641158	62.922
0.00292303	0.00571159	0.0064154	62.916
0.00289632	0.00569251	0.00638679	63.024
0.00292398	0.00567153	0.00638011	62.73
0.00288965	0.00565341	0.0063515	62.922
0.00289156	0.0056763	0.00637153	62.994
0.00290205	0.00564769	0.00635055	62.802
0.00290491	0.00562099	0.0063248	62.682
0.00287248	0.00559142	0.00628474	62.832
0.00282098	0.00553516	0.00621417	62.982
0.0027857	0.00548175	0.00614932	63.06
0.00284769	0.00558379	0.00627044	62.958
0.00288869	0.00563338	0.00633338	62.85
0.00290395	0.00566676	0.00636676	62.88
0.00290681	0.00567153	0.00637439	62.856
0.00288488	0.00564674	0.00634101	62.94
0.00285245	0.0056248	0.00630286	63.114
0.00282289	0.00559714	0.00627044	63.24
0.0028763	0.00565723	0.00634673	63.018
0.00290872	0.0056763	0.00637916	62.862
0.0028906	0.00566772	0.00636294	62.982
0.0028763	0.00565627	0.00634673	63.036
0.00291444	0.00565532	0.00636294	62.73
0.00290968	0.00566486	0.00636867	62.82
0.002903	0.00566295	0.0063639	62.874
0.00288488	0.0056515	0.00634483	62.976
0.00290586	0.00565436	0.00635818	62.778
0.00292303	0.00566676	0.0063782	62.7
0.00289823	0.00569537	0.00638965	63.066
0.00289156	0.0056515	0.00634864	62.892
0.0029173	0.00568011	0.00638583	62.826
0.002903	0.00563625	0.00633815	62.778
0.00288202	0.0056372	0.00633243	62.928
0.00290777	0.00566676	0.00637153	62.814
0.00289632	0.00568011	0.00637248	63.018
0.00281622	0.00564578	0.00631145	63.486
0.00280477	0.00567821	0.00633243	63.72
0.00273992	0.0054808	0.00612357	63.456
0.00266744	0.00537494	0.00599292	63.63
0.00260259	0.00520423	0.0058184	63.426
0.00264169	0.00530341	0.0059233	63.546
0.00268842	0.00539115	0.00602534	63.492
0.00267221	0.00537398	0.00599864	63.576
0.00243188	0.00489905	0.00546554	63.606
0.00240614	0.00482085	0.00538352	63.498
0.00268842	0.00537208	0.00601867	63.36
0.00248624	0.00493243	0.00550368	63.354
0.00226595	0.00456336	0.00510409	63.552
0.00227644	0.00461295	0.0051432	63.726
0.00259878	0.0051842	0.00581363	63.294
0.0028763	0.00563338	0.00632957	62.934
0.00287057	0.00568679	0.00636867	63.234
0.00285245	0.0056124	0.00629619	63.066
0.0027876	0.00547889	0.00614551	63.042
0.00280859	0.00552657	0.00620273	63.048
0.00284483	0.00562671	0.00630668	63.156
0.00287057	0.00568965	0.00637344	63.222
0.00288107	0.00573447	0.00641826	63.312
0.00290205	0.00573543	0.00642684	63.15
0.00288488	0.0056887	0.0063782	63.102
0.00285341	0.00566486	0.00634292	63.264
0.00286104	0.00560382	0.00629428	62.94
0.00282861	0.00560287	0.00627616	63.222
0.00283433	0.00558475	0.0062609	63.096
0.00286867	0.00562671	0.00631812	62.982
0.00287534	0.00563052	0.0063248	62.946
0.00287534	0.00570109	0.00638583	63.222
0.00287248	0.00568679	0.00637153	63.198
0.00288583	0.00570014	0.0063906	63.15
0.00283052	0.00562194	0.00628951	63.288
0.00284864	0.00565055	0.00633147	63.24
0.00290491	0.00571445	0.00641158	63.054
0.00290681	0.00570205	0.00639918	62.994
0.00283815	0.00560763	0.00628284	63.168
0.00283433	0.00564197	0.00631431	63.324
0.00291349	0.0056763	0.00638106	62.82
0.00251772	0.00502017	0.00560096	63.462
0.00242902	0.00494102	0.00552085	63.756
0.00280477	0.00555709	0.00623325	63.162
0.00291063	0.00572971	0.00642684	63.06
0.00286104	0.00567535	0.00635436	63.276
0.00286581	0.00569919	0.00638202	63.258
0.00287153	0.00572208	0.00640014	63.348
0.0028248	0.00558189	0.00625136	63.192
0.00284578	0.00563529	0.00631335	63.204
0.00286104	0.00570109	0.0063782	63.354
0.00285341	0.00563815	0.00632003	63.174
0.00286295	0.00567058	0.00635245	63.204
0.0028763	0.00563911	0.00633052	62.97
0.00290681	0.00566867	0.00637248	62.826
0.00288965	0.00565627	0.00634959	62.928
0.00286962	0.00557712	0.00627521	62.742
0.00289346	0.00563052	0.00633147	62.808
0.0028906	0.00566295	0.00635818	62.928
0.00291635	0.00567916	0.00638488	62.82
0.00292112	0.00570777	0.00641254	62.892
0.00290586	0.00565532	0.00635627	62.826
0.00284673	0.00560763	0.00628665	63.096
0.00287153	0.00561431	0.00630477	62.922
0.00283624	0.00553229	0.00621417	62.85
0.00286485	0.00561908	0.00630763	62.976
0.00289251	0.00560859	0.00631145	62.712
0.00288774	0.00562385	0.0063248	62.82
0.00288107	0.00566676	0.00635627	63.06
0.00288297	0.00560763	0.00630286	62.784
0.00286962	0.00561622	0.00630286	62.934
0.00276662	0.00542071	0.00608733	62.97
0.00287344	0.00562289	0.00631812	62.922
0.00289156	0.00567344	0.00636867	62.976
0.00291444	0.00569537	0.00639823	62.91
0.00284483	0.00561431	0.00629142	63.15
0.00286104	0.00560096	0.0062876	62.934
0.00283624	0.00555423	0.00623611	62.94
0.00279905	0.0054808	0.00615409	62.928
0.00278474	0.00537494	0.00605586	62.622
0.00275995	0.0053902	0.00605682	62.88
0.0028372	0.00548747	0.00617984	62.664
0.00286008	0.00558761	0.00627998	62.88
0.00288107	0.00560096	0.00629523	62.79
0.00285627	0.00555423	0.00624374	62.766
0.00285436	0.00549987	0.00619701	62.574
0.00286676	0.00554088	0.00623897	62.646
0.00283433	0.00554565	0.00622752	62.94
0.00281622	0.00550464	0.0061827	62.922
0.0027981	0.00548747	0.00615695	62.994
0.00278284	0.00539592	0.00607303	62.706
0.0028763	0.00558093	0.00628188	62.73
0.00282289	0.00548938	0.0061703	62.772
0.00285532	0.0055466	0.00623801	62.766
0.00285913	0.00557616	0.00626948	62.832
0.00287534	0.00559238	0.0062876	62.784
0.00289156	0.00559047	0.00629428	62.622
0.00288107	0.00555423	0.00625613	62.61
0.00280382	0.00544551	0.00612739	62.736
0.002903	0.00562099	0.00632957	62.688
0.00278284	0.00536731	0.0060406	62.604
0.00282098	0.00542834	0.00612262	62.526
0.0028782	0.00555232	0.00625423	62.574
0.00289632	0.00559524	0.00630191	62.622
0.00288488	0.00562289	0.00631908	62.862
0.00284387	0.0055981	0.00628093	63.042
0.00289823	0.00563243	0.00633529	62.754
0.00288011	0.00560096	0.00629809	62.772
0.00289251	0.0055733	0.00627616	62.592
0.00282766	0.00552085	0.00620082	62.88
0.00276853	0.0054169	0.00608733	62.916
0.00284387	0.0055981	0.00628093	63.072
0.00286485	0.00559047	0.00628093	62.862
0.00284483	0.0055075	0.00620463	62.658
0.00287248	0.00559428	0.00628474	62.844
0.00285913	0.00551608	0.00621608	62.574
0.0028763	0.00560287	0.00629523	62.844
0.00286676	0.00560001	0.00629428	62.886
0.00289823	0.00563911	0.00634006	62.79
0.00292112	0.0056496	0.00635722	62.67
0.00287725	0.00563148	0.00632384	62.934
0.00285722	0.00555709	0.00624374	62.808
0.00282289	0.00547412	0.00616363	62.682
0.00290395	0.00559619	0.00630477	62.556
0.00288107	0.00561622	0.00631145	62.856
0.00286962	0.00561622	0.00630859	62.904
0.00290491	0.00564578	0.00635055	62.748
0.00263692	0.00491622	0.00547698	62.274
0.000431063	0.000745777	0.000823978	60.864
4.10082e-05	3.71935e-05	5.24523e-05	41.82
8.58313e-06	8.58313e-06	1.23978e-05	34.506
1.62126e-05	1.81199e-05	2.3842e-05	46.08
6.67575e-06	-1.90736e-06	6.67575e-06	-11.31
-2.86104e-06	-1.14442e-05	1.14442e-05	-106.392
-1.43052e-05	-7.62945e-06	1.33515e-05	-147.096
-1.14442e-05	-1.71663e-05	1.81199e-05	-123.114
-1.33515e-05	-3.81473e-06	1.14442e-05	-163.608
-3.81473e-06	7.62945e-06	8.58313e-06	113.202
-1.33515e-05	-8.58313e-06	1.52589e-05	-145.62
-9.5368e-06	1.14442e-05	1.33515e-05	127.404
5.72208e-06	6.67575e-06	8.58313e-06	48.012
-1.71663e-05	-5.72208e-06	1.71663e-05	-160.2
-1.62126e-05	9.5368e-06	1.81199e-05	143.532
0.0	5.72208e-06	5.72208e-06	69.444
-8.58313e-06	-4.7684e-06	8.58313e-06	-153.438
0.0	-1.52589e-05	1.43052e-05	-92.604
-1.43052e-05	-6.67575e-06	1.52589e-05	-158.628
-1.14442e-05	9.5368e-06	1.52589e-05	141.708
-1.90736e-05	7.62945e-06	1.90736e-05	154.29
5.72208e-06	5.72208e-06	8.58313e-06	45.0