Time (s) 	 Position (mm) 	 Delay (s) 	 X 	 Y 	 R 	 theta 
#Without Preamplifier,Fluence with Filter (None), ZnTe detector angle 40deg, Chopper 230Hz, time constant=0.3s 18dB, waiting time= 2.7s, sensitivity=20mV
4.1021	0.1	6.6713e-13	5.24523e-05	-1.33515e-05	5.43597e-05	-13.2
7.3966	0.2	1.33426e-12	3.81472e-05	-9.5368e-06	3.91009e-05	-14.994
10.6903	0.3	2.00139e-12	4.95913e-05	-2.6703e-05	5.81744e-05	-27.726
13.9853	0.4	2.66852e-12	4.38693e-05	-1.43052e-05	4.57766e-05	-15.834
17.2791	0.5	3.33565e-12	3.14715e-05	-1.04905e-05	3.43325e-05	-19.134
20.558	0.6	4.00278e-12	1.90736e-05	-2.00273e-05	2.76567e-05	-43.092
24.1081	0.7	4.66991e-12	4.86376e-05	-8.58313e-06	4.86376e-05	-10.374
27.3859	0.8	5.33704e-12	1.62126e-05	-2.0981e-05	2.6703e-05	-48.012
30.6812	0.9	6.0041699999999994e-12	2.19346e-05	-1.33515e-05	2.57493e-05	-29.934
33.959	1.0	6.6713e-12	1.52589e-05	-2.00273e-05	2.3842e-05	-49.572
37.51	1.1	7.33843e-12	4.95913e-05	-1.52589e-05	5.0545e-05	-16.554
40.8046	1.2	8.00556e-12	2.00273e-05	-4.7684e-06	2.0981e-05	-12.726
44.0827	1.3	8.67269e-12	1.90736e-05	-6.67575e-06	2.00273e-05	-16.698
47.361	1.4	9.33982e-12	2.9564e-05	-2.6703e-05	3.91009e-05	-42.21
50.6398	1.5	1.000695e-11	3.52862e-05	-2.6703e-05	4.29156e-05	-34.92
53.918	1.6	1.067408e-11	5.0545e-05	-2.47956e-05	5.53133e-05	-25.344
57.2128	1.7	1.1341209999999999e-11	1.62126e-05	-3.33788e-05	3.71935e-05	-59.382
60.4911	1.8	1.2008339999999999e-11	1.52589e-05	6.67575e-06	1.81199e-05	29.25
64.0255	1.9	1.2675469999999999e-11	4.57766e-05	-1.14442e-05	4.76839e-05	-14.418
67.3039	2.0	1.33426e-11	4.38693e-05	1.52589e-05	4.57766e-05	19.488
70.5822	2.1	1.400973e-11	3.24252e-05	1.90736e-06	3.24252e-05	2.334
73.8606	2.2	1.467686e-11	2.19346e-05	-9.5368e-06	2.3842e-05	-20.922
77.1391	2.3	1.5343989999999998e-11	3.43325e-05	-1.14442e-05	3.71935e-05	-18.756
80.4331	2.4	1.601112e-11	4.38693e-05	-1.33515e-05	4.76839e-05	-15.186
83.9991	2.5	1.667825e-11	3.62399e-05	-6.67575e-06	3.71935e-05	-11.514
87.278	2.6	1.734538e-11	3.33788e-05	-2.76567e-05	4.38693e-05	-37.044
90.5567	2.7	1.801251e-11	2.86103e-05	-1.81199e-05	3.24252e-05	-30.174
93.835	2.8	1.867964e-11	4.86376e-05	-1.43052e-05	5.0545e-05	-16.05
97.3854	2.9	1.934677e-11	3.33788e-05	1.52589e-05	3.71935e-05	26.112
100.679	3.0	2.00139e-11	5.72208e-06	-1.43052e-05	1.52589e-05	-72.348
103.974	3.1	2.068103e-11	1.33515e-05	1.71663e-05	2.19346e-05	51.072
107.2684	3.2	2.134816e-11	3.43325e-05	0.0	3.33788e-05	1.122
110.547	3.3	2.2015289999999997e-11	2.3842e-05	-3.81473e-06	2.3842e-05	-7.494
113.8254	3.4	2.2682419999999997e-11	3.52862e-05	3.81473e-06	3.62399e-05	6.228
117.3756	3.5	2.3349549999999998e-11	1.71663e-05	-1.14442e-05	2.28883e-05	-26.562
120.6537	3.6	2.4016679999999998e-11	2.86103e-05	-2.00273e-05	3.43325e-05	-33.69
123.932	3.7	2.468381e-11	2.6703e-05	1.90736e-06	2.57493e-05	7.308
127.195	3.8	2.5350939999999998e-11	6.10356e-05	-6.67575e-06	6.10356e-05	-6.966
130.7445	3.9	2.601807e-11	3.05178e-05	-1.43052e-05	3.24252e-05	-25.02
134.0076	4.0	2.66852e-11	3.81472e-05	8.58313e-06	3.81472e-05	10.122
137.5577	4.1	2.7352329999999996e-11	3.24252e-05	8.58313e-06	3.52862e-05	13.782
140.8515	4.2	2.801946e-11	4.19619e-05	1.14442e-05	4.19619e-05	15.336
144.4028	4.3	2.8686589999999996e-11	1.23978e-05	-1.52589e-05	2.00273e-05	-47.604
147.6811	4.4	2.935372e-11	3.33788e-05	-1.14442e-05	3.52862e-05	-18.78
150.959	4.5	3.0020849999999996e-11	5.53133e-05	1.23978e-05	5.72207e-05	12.744
154.2222	4.6	3.0687979999999997e-11	2.9564e-05	-7.62945e-06	3.05178e-05	-14.034
157.5003	4.7	3.135511e-11	4.00546e-05	1.04905e-05	4.10082e-05	15.822
160.7939	4.8	3.202224e-11	1.90736e-05	-1.14442e-05	2.00273e-05	-29.052
164.3453	4.9	3.2689370000000004e-11	1.23978e-05	-7.62945e-06	1.52589e-05	-31.758
167.6076	5.0	3.33565e-11	4.10082e-05	-6.67575e-06	4.19619e-05	-7.47
171.1413	5.1	3.402363e-11	1.52589e-05	-7.62945e-06	1.71663e-05	-23.748
174.4205	5.2	3.469076e-11	4.38693e-05	-1.90736e-06	4.48229e-05	-1.686
177.9706	5.3	3.535789e-11	2.28883e-05	-6.67575e-06	2.3842e-05	-14.418
181.2652	5.4	3.602502e-11	2.6703e-05	-2.0981e-05	3.33788e-05	-38.658
184.5596	5.5	3.669215e-11	3.71935e-05	-2.86104e-06	3.91009e-05	-3.876
187.8536	5.6	3.735928e-11	3.71935e-05	-4.7684e-06	3.71935e-05	-7.122
191.1165	5.7	3.802641e-11	2.47956e-05	2.86104e-06	2.57493e-05	2.79
194.3951	5.8	3.869354e-11	2.86103e-05	-6.67575e-06	2.86103e-05	-13.092
197.9455	5.9	3.936067e-11	4.7684e-06	-2.28883e-05	2.3842e-05	-80.274
201.2238	6.0	4.00278e-11	3.71935e-05	-6.67575e-06	3.71935e-05	-11.514
204.7743	6.1	4.0694929999999993e-11	2.28883e-05	-3.24252e-05	3.91009e-05	-53.328
208.0528	6.2	4.136206e-11	2.57493e-05	-2.0981e-05	3.33788e-05	-38.658
211.3307	6.3	4.2029189999999994e-11	8.58313e-06	-4.7684e-06	1.04905e-05	-25.02
214.8814	6.4	4.269632e-11	4.48229e-05	-2.86104e-06	4.38693e-05	-1.734
218.1761	6.5	4.336345e-11	2.6703e-05	-1.62126e-05	3.24252e-05	-27.072
221.7263	6.6	4.4030579999999994e-11	3.52862e-05	-2.6703e-05	4.38693e-05	-37.044
224.9884	6.7	4.469771e-11	4.10082e-05	1.52589e-05	4.38693e-05	20.658
228.5389	6.8	4.5364839999999995e-11	3.24252e-05	-6.67575e-06	3.24252e-05	-10.62
231.8173	6.9	4.603197e-11	4.00546e-05	5.72208e-06	4.19619e-05	10.062
235.0957	7.0	4.6699099999999995e-11	5.53133e-05	-2.57493e-05	5.9128e-05	-23.7
238.3742	7.1	4.7366229999999995e-11	3.05178e-05	-1.43052e-05	3.33788e-05	-22.62
241.6526	7.2	4.8033359999999996e-11	2.57493e-05	5.72208e-06	2.76567e-05	12.096
244.9462	7.3	4.8700489999999996e-11	4.38693e-05	1.90736e-06	4.48229e-05	2.526
248.4975	7.4	4.936762e-11	4.10082e-05	-7.62945e-06	4.10082e-05	-10.392
251.7918	7.5	5.0034749999999996e-11	2.57493e-05	-4.29156e-05	4.86376e-05	-60.348
255.3419	7.6	5.0701879999999996e-11	1.04905e-05	-1.14442e-05	1.52589e-05	-45.0
258.6202	7.7	5.1369009999999997e-11	3.14715e-05	-9.53682e-07	3.14715e-05	0.0
262.1696	7.8	5.203614e-11	3.05178e-05	-6.67575e-06	3.24252e-05	-8.13
265.4326	7.9	5.270327e-11	2.6703e-05	-1.04905e-05	2.9564e-05	-19.23
268.6956	8.0	5.33704e-11	1.23978e-05	-2.3842e-05	2.57493e-05	-64.092
271.9738	8.1	5.403753e-11	1.90736e-05	-1.62126e-05	2.3842e-05	-36.252