Time (s) 	 Position (mm) 	 Delay (s) 	 X 	 Y 	 R 	 theta 
#Without Preamplifier,Fluence with Filter (NE03A-B), ZnTe detector angle 40deg, Chopper 230Hz, time constant=0.1s 18dB, waiting time= 0.9s, sensitivity=20mV
1.4437	8.6	5.737317999999999e-11	6.2943e-05	-1.14442e-05	6.77113e-05	-12.06
2.9786	8.604	5.739986519999999e-11	4.76839e-05	-1.90736e-06	4.57766e-05	2.562
4.4325	8.608	5.74265504e-11	7.62944e-05	-3.43325e-05	8.10628e-05	-24.876
5.9046	8.612	5.74532356e-11	3.33788e-05	-1.23978e-05	3.05178e-05	-26.562
7.3918	8.616	5.74799208e-11	7.43871e-05	-1.33515e-05	7.24797e-05	-12.024
8.8636	8.62	5.750660599999999e-11	4.19619e-05	-2.76567e-05	4.86376e-05	-28.98
10.3444	8.624	5.75332912e-11	8.48775e-05	-3.33788e-05	8.86922e-05	-23.532
12.0616	8.628	5.75599764e-11	7.72481e-05	2.57493e-05	8.96459e-05	17.13
13.5329	8.632	5.75866616e-11	8.77385e-05	9.5368e-06	8.77385e-05	6.39
15.0134	8.636	5.761334679999999e-11	6.38966e-05	9.53682e-07	6.5804e-05	6.276
16.5052	8.64	5.7640032e-11	9.25069e-05	2.86104e-06	8.48775e-05	-2.838
18.0093	8.644	5.76667172e-11	3.33788e-05	8.58313e-06	2.86103e-05	1.332
19.7131	8.648	5.7693402399999996e-11	4.48229e-05	1.62126e-05	4.67303e-05	24.444
21.2007	8.652	5.7720087599999994e-11	7.82018e-05	8.58313e-06	8.39238e-05	2.184
22.677	8.656	5.77467728e-11	4.10082e-05	-5.72208e-06	4.19619e-05	-4.332
24.4226	8.66	5.7773458e-11	5.9128e-05	3.81473e-06	6.10356e-05	8.04
25.9232	8.664	5.7800143199999996e-11	5.0545e-05	8.58313e-06	4.67303e-05	8.364
27.4084	8.668	5.7826828399999994e-11	8.10628e-05	-2.28883e-05	9.25069e-05	-17.4
28.8834	8.672	5.78535136e-11	2.57493e-05	5.24523e-05	6.19893e-05	64.512
30.356	8.676	5.7880198799999997e-11	7.24797e-05	-2.47956e-05	7.53407e-05	-16.698
32.0756	8.68	5.7906883999999995e-11	7.05724e-05	-1.62126e-05	7.72481e-05	-7.494
33.5701	8.684	5.793356919999999e-11	5.9128e-05	2.28883e-05	6.48503e-05	21.252
35.0412	8.688	5.7960254400000004e-11	4.86376e-05	-2.28883e-05	4.86376e-05	-16.392
36.5401	8.692	5.7986939599999996e-11	4.86376e-05	1.04905e-05	5.24523e-05	13.2
38.0149	8.696	5.8013624799999994e-11	1.90736e-06	-3.62399e-05	3.52862e-05	-75.144
39.4802	8.7	5.804030999999999e-11	3.91009e-05	2.3842e-05	4.86376e-05	38.292
40.9744	8.704	5.8066995200000003e-11	4.19619e-05	2.0981e-05	4.38693e-05	29.748
42.7168	8.708	5.8093680399999995e-11	5.72207e-05	-9.5368e-06	5.0545e-05	-29.448
44.187	8.712	5.8120365599999993e-11	1.52589e-05	-1.04905e-05	1.71663e-05	-28.608
45.6591	8.716	5.814705079999999e-11	6.5804e-05	7.62945e-06	6.10356e-05	0.0
47.1474	8.72	5.8173736e-11	5.72207e-05	2.57493e-05	6.8665e-05	21.192
48.643	8.724	5.82004212e-11	7.43871e-05	-8.58313e-06	6.77113e-05	-11.976
50.3707	8.728	5.82271064e-11	6.19893e-05	9.5368e-06	5.81744e-05	8.226
51.8488	8.732	5.82537916e-11	3.43325e-05	-2.47956e-05	5.0545e-05	-29.394
53.3174	8.736	5.82804768e-11	3.62399e-05	1.04905e-05	3.14715e-05	35.394
55.0621	8.74	5.8307162e-11	7.24797e-05	1.52589e-05	6.5804e-05	13.59
56.5771	8.744	5.833384719999999e-11	5.81744e-05	-1.62126e-05	6.00817e-05	-20.412
58.0453	8.748	5.836053239999999e-11	5.6267e-05	1.62126e-05	5.14986e-05	16.926
59.5406	8.752	5.83872176e-11	5.6267e-05	-3.33788e-05	7.05724e-05	-25.626
60.9882	8.756	5.84139028e-11	4.95913e-05	0.0	5.14986e-05	3.624
62.7364	8.76	5.8440588e-11	3.52862e-05	9.5368e-06	4.67303e-05	11.46
64.2212	8.764	5.84672732e-11	1.04905e-05	3.62399e-05	3.91009e-05	78.342
65.7134	8.768	5.849395840000001e-11	5.24523e-05	-5.14986e-05	6.96187e-05	-48.552
67.1831	8.772	5.852064359999999e-11	3.91009e-05	2.6703e-05	4.38693e-05	24.588
68.6985	8.776	5.854732879999999e-11	3.05178e-05	1.62126e-05	3.91009e-05	14.034
70.1585	8.78	5.857401399999999e-11	5.43597e-05	-3.43325e-05	6.2943e-05	-32.196
71.6303	8.784	5.86006992e-11	5.24523e-05	2.9564e-05	6.19893e-05	24.648
73.1144	8.788	5.86273844e-11	2.28883e-05	-5.72208e-06	2.3842e-05	-11.004
74.838	8.792	5.86540696e-11	4.57766e-05	2.9564e-05	5.6267e-05	38.454
76.3468	8.796	5.86807548e-11	4.38693e-05	-1.52589e-05	4.29156e-05	-25.74
77.8157	8.8	5.870744e-11	6.19893e-05	2.19346e-05	5.9128e-05	29.178
79.3029	8.804	5.87341252e-11	9.44142e-05	3.81472e-05	0.000112534	19.272
81.0277	8.808	5.87608104e-11	6.77113e-05	9.53682e-07	7.72481e-05	-1.458
82.5202	8.812	5.878749559999999e-11	2.3842e-05	-1.33515e-05	3.52862e-05	-27.846
84.006	8.816	5.88141808e-11	5.81744e-05	-9.53682e-07	5.9128e-05	-3.144
85.4757	8.82	5.8840866e-11	2.57493e-05	-1.71663e-05	2.47956e-05	-46.218
86.9475	8.824	5.88675512e-11	5.72207e-05	2.28883e-05	5.6267e-05	23.298
88.4117	8.828	5.889423639999999e-11	7.05724e-05	8.58313e-06	6.67577e-05	6.468
89.9059	8.832	5.89209216e-11	2.6703e-05	-4.38693e-05	5.24523e-05	-58.44
91.3711	8.836	5.89476068e-11	-8.58313e-06	2.00273e-05	2.19346e-05	102.876
93.1537	8.84	5.8974292e-11	1.71663e-05	-1.04905e-05	2.3842e-05	-48.012
94.6349	8.844	5.90009772e-11	5.53133e-05	-1.81199e-05	4.86376e-05	-34.38
96.1285	8.848	5.90276624e-11	3.81473e-06	1.43052e-05	1.52589e-05	79.692
97.5998	8.852	5.90543476e-11	3.71935e-05	2.3842e-05	4.19619e-05	42.396
99.0715	8.856	5.908103279999999e-11	9.5368e-06	-8.58313e-06	1.43052e-05	-38.292
100.8105	8.86	5.910771799999999e-11	1.04905e-05	8.58313e-06	1.04905e-05	-25.02
102.2923	8.864	5.91344032e-11	6.67575e-06	1.90736e-06	5.72208e-06	66.036
103.8009	8.868	5.91610884e-11	3.91009e-05	-1.14442e-05	4.95913e-05	-18.888
105.286	8.872	5.91877736e-11	-9.53682e-07	-3.33788e-05	3.24252e-05	-95.826
106.7729	8.876	5.92144588e-11	2.76567e-05	5.72208e-06	2.3842e-05	5.046
108.2586	8.88	5.924114400000001e-11	7.62945e-06	2.0981e-05	2.3842e-05	61.392
109.7468	8.884	5.926782919999999e-11	0.0	8.58313e-06	7.62945e-06	74.052
111.4617	8.888	5.929451439999999e-11	-1.90736e-06	-2.0981e-05	2.3842e-05	-84.288
112.9499	8.892	5.932119959999999e-11	1.33515e-05	3.05178e-05	2.86103e-05	74.748
114.4377	8.896	5.93478848e-11	8.58313e-06	-2.86104e-06	1.33515e-05	-9.09
115.9104	8.9	5.937457e-11	3.33788e-05	1.52589e-05	3.62399e-05	38.502
117.3646	8.904	5.94012552e-11	2.19346e-05	2.19346e-05	3.05178e-05	45.882
119.0918	8.908	5.94279404e-11	3.81473e-06	2.6703e-05	2.86103e-05	78.18
120.5793	8.912	5.945462560000001e-11	-9.5368e-06	4.10082e-05	4.29156e-05	95.196
122.0622	8.916	5.94813108e-11	4.10082e-05	-3.14715e-05	5.3406e-05	-30.36
123.5705	8.92	5.950799599999999e-11	1.04905e-05	0.0	2.19346e-05	8.97
125.0172	8.924	5.953468119999999e-11	0.0	2.00273e-05	2.19346e-05	93.366
126.5396	8.928	5.95613664e-11	1.52589e-05	5.72208e-06	1.71663e-05	20.772
127.9946	8.932	5.95880516e-11	-1.81199e-05	9.5368e-06	2.0981e-05	157.518
129.4694	8.936	5.96147368e-11	2.47956e-05	2.3842e-05	2.9564e-05	50.016
131.1917	8.94	5.9641422e-11	-1.71663e-05	-2.0981e-05	2.9564e-05	-116.052
132.6665	8.944	5.96681072e-11	3.81473e-06	1.23978e-05	1.52589e-05	83.16
134.1245	8.948	5.96947924e-11	0.0	-8.58313e-06	8.58313e-06	-70.344
135.6224	8.952	5.97214776e-11	-1.04905e-05	2.86104e-06	1.52589e-05	100.884
137.1142	8.956	5.97481628e-11	-2.6703e-05	-2.86104e-06	2.0981e-05	-150.948
138.5656	8.96	5.9774848e-11	-5.3406e-05	-3.71935e-05	6.19893e-05	-143.616
140.0719	8.964	5.98015332e-11	3.05178e-05	-1.43052e-05	2.86103e-05	-48.816
141.785	8.968	5.98282184e-11	2.0981e-05	-1.43052e-05	2.19346e-05	-41.346
143.2536	8.972	5.985490359999999e-11	-1.43052e-05	-1.14442e-05	2.0981e-05	-147.654
144.7348	8.976	5.98815888e-11	-7.24797e-05	-1.23978e-05	6.5804e-05	-174.474
146.2142	8.98	5.9908274e-11	8.58313e-06	-1.62126e-05	1.71663e-05	-75.966
147.6949	8.984	5.99349592e-11	-1.81199e-05	2.47956e-05	2.86103e-05	133.026
149.2367	8.988	5.99616444e-11	-3.14715e-05	1.04905e-05	3.05178e-05	152.88
150.7073	8.992	5.99883296e-11	-5.43597e-05	4.57766e-05	7.34334e-05	143.13
152.1858	8.996	6.00150148e-11	-6.67577e-05	-6.67575e-06	5.53133e-05	-171.762
153.9182	9.0	6.004169999999999e-11	-1.81199e-05	1.04905e-05	1.81199e-05	130.812
155.4093	9.004	6.006838519999999e-11	-0.000108719	-1.62126e-05	0.000106812	-172.692
156.8967	9.008	6.009507039999999e-11	-4.95913e-05	1.14442e-05	4.95913e-05	163.302
158.3818	9.012	6.01217556e-11	-4.00546e-05	6.67575e-06	4.29156e-05	174.726
159.85	9.016	6.01484408e-11	-6.00817e-05	-8.58313e-06	6.5804e-05	-174.954
161.5781	9.02	6.0175126e-11	-6.19893e-05	-4.7684e-06	6.19893e-05	-176.31
163.0374	9.024	6.02018112e-11	-5.3406e-05	-4.7684e-06	5.6267e-05	-177.366
164.5083	9.028	6.02284964e-11	-5.72207e-05	-3.81473e-06	5.43597e-05	-175.122
165.995	9.032	6.025518159999999e-11	-3.71935e-05	-6.67575e-06	3.62399e-05	-169.794
167.5145	9.036	6.028186679999999e-11	-5.9128e-05	-2.28883e-05	6.10356e-05	-152.88
169.001	9.04	6.030855199999999e-11	-9.82289e-05	2.00273e-05	0.000100136	170.28
170.5181	9.044	6.03352372e-11	-8.20165e-05	9.5368e-06	7.43871e-05	178.956
172.0048	9.048	6.03619224e-11	-9.05995e-05	-2.86104e-06	8.77385e-05	178.71
173.5069	9.052	6.03886076e-11	-8.01091e-05	-1.33515e-05	7.82018e-05	-175.446
175.0139	9.056	6.041529279999999e-11	-0.000100136	-4.7684e-06	9.44142e-05	-176.634
176.4695	9.06	6.0441978e-11	-8.01091e-05	-2.47956e-05	8.10628e-05	-158.628
177.9641	9.064	6.04686632e-11	-7.62944e-05	-1.14442e-05	8.39238e-05	-173.856
179.7098	9.068	6.049534839999999e-11	-0.000115395	-4.76839e-05	0.000123979	-157.002
181.2113	9.072	6.052203359999999e-11	-0.000121117	1.52589e-05	0.000110627	168.48
182.703	9.076	6.05487188e-11	-8.48775e-05	-4.76839e-05	0.000100136	-155.094
184.1689	9.08	6.0575404e-11	-8.10628e-05	2.86104e-06	8.48775e-05	174.846
185.6807	9.084	6.06020892e-11	-8.67848e-05	-1.71663e-05	9.44142e-05	-169.524
187.1529	9.088	6.062877439999999e-11	-5.81744e-05	-4.7684e-06	6.19893e-05	-176.496
188.6237	9.092	6.06554596e-11	-9.63216e-05	-1.90736e-05	0.000109673	-169.608
190.1582	9.096	6.06821448e-11	-0.000117302	-7.62945e-06	0.000123025	-174.168
191.8996	9.1	6.070883e-11	-8.29701e-05	1.71663e-05	7.91554e-05	164.052
193.3803	9.104	6.07355152e-11	-0.000105858	2.86103e-05	0.000107766	166.476
194.8715	9.108	6.07622004e-11	-0.000102044	-2.57493e-05	0.000103951	-168.114
196.3248	9.112	6.07888856e-11	-0.000109673	-2.76567e-05	0.00011158	-166.212
197.8306	9.116	6.081557079999999e-11	-0.000112534	3.81473e-06	0.000117302	177.762
199.3053	9.12	6.084225599999999e-11	-7.43871e-05	-2.76567e-05	8.67848e-05	-159.984
200.7885	9.124	6.08689412e-11	-0.00011921	-8.58313e-06	0.000117302	-176.766
202.5459	9.128	6.08956264e-11	-0.000130654	-4.29156e-05	0.000140191	-163.428
204.0188	9.132	6.09223116e-11	-0.000151635	-6.48503e-05	0.000164987	-157.38
205.5246	9.136	6.09489968e-11	-0.000143052	-1.33515e-05	0.000152589	-175.296
206.9947	9.14	6.0975682e-11	-0.000127793	2.19346e-05	0.000122071	170.172
208.4651	9.144	6.100236719999999e-11	-0.000128747	-9.5368e-06	0.000132562	-176.898
210.2031	9.148	6.102905239999999e-11	-0.000171662	-6.48503e-05	0.000186921	-160.986
211.6784	9.152	6.105573759999999e-11	-0.000130654	-3.14715e-05	0.000133515	-167.688
213.1362	9.156	6.10824228e-11	-0.000164987	-6.10356e-05	0.000174523	-160.878
214.8649	9.16	6.1109108e-11	-0.000170709	-8.86922e-05	0.000189782	-152.622
216.3464	9.164	6.11357932e-11	-0.000146867	-1.90736e-05	0.000144959	-174.66
217.8077	9.168	6.11624784e-11	-0.000162126	-4.10082e-05	0.000174523	-165.702
219.3426	9.172	6.11891636e-11	-0.000141145	-2.9564e-05	0.000144006	-170.796
220.8307	9.176	6.12158488e-11	-0.000223161	-7.72481e-05	0.000234605	-159.714
222.5728	9.18	6.124253399999999e-11	-0.000157357	-3.33788e-05	0.000160218	-167.166
224.0559	9.184	6.126921919999999e-11	-0.000164987	-9.5368e-06	0.00016594	-177.51
225.5388	9.188	6.12959044e-11	-0.000186921	-7.1526e-05	0.00019455	-158.124
227.0137	9.192	6.13225896e-11	-0.000219346	-9.15532e-05	0.000234605	-156.93
228.5008	9.196	6.13492748e-11	-0.000219346	-3.62399e-05	0.000218392	-169.41
230.0003	9.2	6.137595999999999e-11	-0.000215531	-4.19619e-05	0.000223161	-169.392
231.4781	9.204	6.14026452e-11	-0.000174523	-3.33788e-05	0.000169755	-171.252
233.2034	9.208	6.14293304e-11	-0.000204087	-3.52862e-05	0.00020218	-170.412
234.6716	9.212	6.14560156e-11	-0.000213624	-5.72207e-05	0.000217439	-164.682
236.1959	9.216	6.148270079999999e-11	-0.000245096	-0.000100136	0.000259401	-158.64
237.6621	9.22	6.1509386e-11	-0.000259401	-4.57766e-05	0.000261309	-169.956
239.1242	9.224	6.15360712e-11	-0.000226975	-6.5804e-05	0.000235558	-162.744
240.8474	9.228	6.15627564e-11	-0.00018406	-8.01091e-05	0.000201226	-157.638
242.3137	9.232	6.158944159999999e-11	-0.000250818	-8.96459e-05	0.000258448	-157.356
243.788	9.236	6.16161268e-11	-0.000261309	-8.29701e-05	0.000275614	-160.74
245.3124	9.24	6.1642812e-11	-0.000255587	-4.57766e-05	0.000261309	-169.398
246.7837	9.244	6.16694972e-11	-0.000266077	-6.2943e-05	0.000267984	-167.562
248.2648	9.248	6.16961824e-11	-0.000266077	-9.34605e-05	0.000280382	-158.856
249.7232	9.252	6.17228676e-11	-0.00028515	-8.39238e-05	0.000306131	-164.646
251.2076	9.256	6.17495528e-11	-0.000223161	-0.000109673	0.000253679	-154.83
252.7167	9.26	6.177623799999999e-11	-0.000293734	-8.20165e-05	0.000302317	-163.482
254.2207	9.264	6.180292319999999e-11	-0.000308039	-0.000105858	0.000329973	-161.202
255.6887	9.268	6.18296084e-11	-0.000282289	-0.000106812	0.000298502	-159.756
257.443	9.272	6.18562936e-11	-0.000302317	-8.58312e-05	0.000309946	-163.41
258.919	9.276	6.18829788e-11	-0.000250818	-9.82289e-05	0.000265123	-156.24
260.4204	9.28	6.1909664e-11	-0.000318529	-0.000129701	0.000343325	-158.508
261.9056	9.284	6.193634920000001e-11	-0.000322344	-9.25069e-05	0.000335695	-165.606
263.6505	9.288	6.196303439999999e-11	-0.000267984	-0.000108719	0.000283243	-157.248
265.118	9.292	6.198971959999999e-11	-0.000317575	-0.000123979	0.000338556	-159.564
266.5902	9.296	6.201640479999999e-11	-0.000341417	-0.00013733	0.000363352	-159.558
268.0846	9.3	6.204309e-11	-0.000337603	-0.000148774	0.000372889	-156.936
269.572	9.304	6.20697752e-11	-0.000324251	-0.000177384	0.00037575	-152.268
271.3148	9.308	6.20964604e-11	-0.000312807	-0.000152589	0.00035	-154.698
272.7617	9.312	6.21231456e-11	-0.000326158	-0.000140191	0.000347139	-155.4
274.2559	9.316	6.21498308e-11	-0.000363352	-0.000144006	0.000392916	-159.024
275.7355	9.32	6.2176516e-11	-0.00038624	-0.00015545	0.000415804	-159.24
277.2314	9.324	6.22032012e-11	-0.000383379	-0.000205995	0.000427248	-152.952
278.9698	9.328	6.222988639999999e-11	-0.000395777	-0.000182153	0.000430109	-156.426
280.4719	9.332	6.22565716e-11	-0.000373842	-0.000169755	0.000405313	-155.886
281.9422	9.336	6.22832568e-11	-0.000395777	-0.000180245	0.000435831	-155.94
283.7068	9.34	6.2309942e-11	-0.000381472	-0.000157357	0.000415804	-157.926
285.2384	9.344	6.233662719999999e-11	-0.000387194	-0.000164033	0.000416758	-156.048
286.744	9.348	6.23633124e-11	-0.000429155	-0.000207902	0.000468256	-153.072
288.2251	9.352	6.23899976e-11	-0.000449182	-0.000203134	0.000491146	-155.736
289.7206	9.356	6.24166828e-11	-0.000434877	-0.000208856	0.000482561	-154.47
291.4956	9.36	6.2443368e-11	-0.00044346	-0.000227929	0.000506405	-151.926
292.9995	9.364	6.24700532e-11	-0.00046158	-0.000243188	0.000516895	-153.006
294.4995	9.368	6.24967384e-11	-0.000463488	-0.000208856	0.000506405	-155.358
295.9857	9.372	6.252342359999999e-11	-0.000497822	-0.000244142	0.00054932	-153.966
297.4706	9.376	6.255010879999999e-11	-0.000485422	-0.000205995	0.000527386	-156.504
298.9554	9.38	6.2576794e-11	-0.000513081	-0.000237466	0.000559811	-154.506
300.4438	9.384	6.26034792e-11	-0.000473978	-0.000226975	0.000516895	-153.798
302.1922	9.388	6.26301644e-11	-0.000514988	-0.000250818	0.000570301	-154.068
303.6647	9.392	6.26568496e-11	-0.000521664	-0.00028515	0.000591282	-150.63
305.1367	9.396	6.268353480000001e-11	-0.000550274	-0.000255587	0.000601772	-154.686
306.6188	9.4	6.271022e-11	-0.000534061	-0.000240327	0.000578884	-155.028
308.0789	9.404	6.273690519999999e-11	-0.000530247	-0.00029278	0.000610355	-151.824
309.781	9.408	6.276359039999999e-11	-0.000561718	-0.000296595	0.000640873	-152.694
311.2769	9.412	6.27902756e-11	-0.000565533	-0.000326158	0.000653271	-149.946
312.7795	9.416	6.28169608e-11	-0.000591282	-0.00032902	0.000672344	-150.516
314.5469	9.42	6.2843646e-11	-0.000622753	-0.000334742	0.000704769	-151.572
316.0427	9.424	6.28703312e-11	-0.000578884	-0.000348093	0.000675205	-148.656
317.5379	9.428	6.289701640000001e-11	-0.000640873	-0.000332834	0.000721935	-152.604
319.0421	9.432	6.29237016e-11	-0.000617985	-0.000354769	0.000722889	-150.282
320.5504	9.436	6.295038679999999e-11	-0.000602726	-0.000358583	0.000706676	-149.232
322.0548	9.44	6.297707199999999e-11	-0.000679974	-0.000384333	0.000768665	-149.466
323.511	9.444	6.30037572e-11	-0.000654224	-0.000403406	0.000771526	-148.416
324.9958	9.448	6.30304424e-11	-0.000649456	-0.000416758	0.000770573	-147.63
326.4829	9.452	6.30571276e-11	-0.000659946	-0.000388147	0.000761036	-149.292
327.9877	9.456	6.30838128e-11	-0.000637058	-0.000465395	0.0007906	-143.97
329.4523	9.46	6.3110498e-11	-0.000712398	-0.000485422	0.00086594	-145.698
330.9456	9.464	6.31371832e-11	-0.000686649	-0.000468256	0.000836376	-145.77
332.6719	9.468	6.31638684e-11	-0.000679974	-0.000509266	0.00084782	-143.376
334.1403	9.472	6.31905536e-11	-0.000672344	-0.000514988	0.000839237	-142.638
335.5842	9.476	6.32172388e-11	-0.000618938	-0.000506405	0.000791553	-139.692
337.0637	9.48	6.3243924e-11	-0.000643734	-0.000587467	0.000869755	-138.018
338.5377	9.484	6.32706092e-11	-0.000594143	-0.000516895	0.000785831	-138.852
340.2829	9.488	6.329729439999999e-11	-0.000605587	-0.000550274	0.000820164	-138.06
341.7679	9.492	6.33239796e-11	-0.00058556	-0.000625614	0.000856403	-133.11
343.2446	9.496	6.33506648e-11	-0.000535969	-0.00060368	0.000807766	-132.288
344.9861	9.5	6.337735e-11	-0.000508312	-0.000607494	0.0007906	-129.702
346.4498	9.504	6.34040352e-11	-0.00044346	-0.000617031	0.000755314	-125.052
347.9273	9.508	6.34307204e-11	-0.000379564	-0.000629429	0.000732426	-120.678
349.416	9.512	6.34574056e-11	-0.000293734	-0.000576977	0.00065041	-117.954
350.8848	9.516	6.348409079999999e-11	-0.000195504	-0.000566486	0.000599865	-109.596
352.609	9.52	6.351077599999999e-11	-0.00010109	-0.00059605	0.000604633	-100.518
354.0937	9.524	6.353746119999999e-11	4.86376e-05	-0.000592235	0.000595096	-85.5
355.5669	9.528	6.35641464e-11	0.000125886	-0.000478746	0.000494007	-74.478
357.0439	9.532	6.35908316e-11	0.000298502	-0.000458719	0.000551227	-56.16
358.5453	9.536	6.36175168e-11	0.000465395	-0.000433924	0.000630382	-42.9
360.0132	9.54	6.3644202e-11	0.00062466	-0.000393869	0.000737194	-31.56
361.5051	9.544	6.367088719999999e-11	0.000854496	-0.000294687	0.000898365	-18.852
363.243	9.548	6.369757239999999e-11	0.00102616	-0.000228883	0.00105477	-12.492
364.7207	9.552	6.372425759999999e-11	0.00130749	-0.000166894	0.00131512	-7.068
366.2168	9.556	6.375094279999999e-11	0.00152589	-7.34334e-05	0.00152589	-2.802
367.6942	9.56	6.3777628e-11	0.00183488	4.86376e-05	0.00183297	1.416
369.1653	9.564	6.38043132e-11	0.00209238	0.000138284	0.00209142	4.008
370.8911	9.568	6.38309984e-11	0.00236513	0.000268938	0.00238229	6.378
372.3573	9.572	6.38576836e-11	0.00260641	0.000412943	0.00264455	9.054
373.8321	9.576	6.38843688e-11	0.00289632	0.000586513	0.0029545	11.55
375.5948	9.58	6.3911054e-11	0.00317289	0.000674251	0.00324441	12.036
377.0668	9.584	6.393773919999999e-11	0.00333788	0.00085545	0.00344183	14.526
378.5159	9.588	6.396442439999999e-11	0.00354578	0.00102521	0.00369741	16.086
379.9895	9.592	6.39911096e-11	0.003747	0.00111295	0.00391105	16.542
381.479	9.596	6.40177948e-11	0.00389196	0.00131989	0.00410751	18.798
382.9486	9.6	6.404448e-11	0.0039368	0.0014658	0.00420383	20.418
384.422	9.604	6.407116519999999e-11	0.00398353	0.0016079	0.00429633	21.99
385.8777	9.608	6.40978504e-11	0.00393012	0.00176144	0.00430396	24.15
387.3467	9.612	6.41245356e-11	0.00385095	0.0018282	0.00425151	25.464
388.802	9.616	6.41512208e-11	0.00374223	0.00197984	0.00423148	28.032
390.2749	9.62	6.417790599999999e-11	0.00349618	0.00209619	0.00407985	30.96
391.7465	9.624	6.42045912e-11	0.00317098	0.00205709	0.00377657	33.0
393.4496	9.628	6.42312764e-11	0.00288488	0.00209238	0.00356294	35.946
394.9611	9.632	6.425796159999999e-11	0.00251104	0.00211813	0.00328638	40.02
396.4256	9.636	6.428464679999999e-11	0.0022011	0.00201227	0.00297834	42.42
397.8973	9.64	6.4311332e-11	0.00186158	0.00186921	0.00263979	45.216
399.3821	9.644	6.43380172e-11	0.00148774	0.00175286	0.00230314	49.62
401.1433	9.648	6.43647024e-11	0.00119592	0.00153447	0.00194646	51.966
402.5962	9.652	6.43913876e-11	0.000925068	0.00127984	0.00158215	54.072
404.084	9.656	6.44180728e-11	0.000699047	0.00102521	0.00124169	55.128
405.8352	9.66	6.444475799999999e-11	0.000530247	0.000789646	0.00094891	56.736
407.3184	9.664	6.447144319999999e-11	0.000372889	0.000504497	0.000627521	53.238
408.7913	9.668	6.449812839999999e-11	0.000288965	0.000276567	0.000400545	44.328
410.2611	9.672	6.45248136e-11	0.000266077	4.57766e-05	0.000273706	10.146
411.7342	9.676	6.45514988e-11	0.000186921	-0.000164033	0.000244142	-40.548
413.4615	9.68	6.4578184e-11	0.000189782	-0.000280382	0.000338556	-55.404
414.9267	9.684	6.46048692e-11	0.000170709	-0.000425341	0.000460627	-67.464
416.4058	9.688	6.46315544e-11	0.000196458	-0.000470163	0.000509266	-67.308
417.8843	9.692	6.465823959999999e-11	0.000187875	-0.0004921	0.000524525	-69.24
419.3725	9.696	6.468492479999999e-11	0.000118256	-0.000512127	0.000524525	-76.878
420.8664	9.7	6.471160999999999e-11	4.76839e-05	-0.000505451	0.000507358	-83.394
422.3513	9.704	6.47382952e-11	5.72207e-05	-0.00044346	0.000442507	-83.748
424.1104	9.708	6.47649804e-11	1.90736e-06	-0.000353815	0.000351908	-89.454
425.5787	9.712	6.47916656e-11	-4.00546e-05	-0.000297548	0.000296595	-95.298
427.0709	9.716	6.48183508e-11	-7.24797e-05	-0.000123025	0.000136376	-122.49
428.5511	9.72	6.4845036e-11	-6.5804e-05	-0.000108719	0.000114441	-120.726
430.0255	9.724	6.48717212e-11	-6.38966e-05	1.90736e-06	6.2943e-05	173.928
431.8046	9.728	6.48984064e-11	-6.2943e-05	6.8665e-05	9.44142e-05	137.832
433.2766	9.732	6.492509159999999e-11	-1.33515e-05	0.00018406	0.00018406	92.28
434.7475	9.736	6.49517768e-11	3.52862e-05	0.000181199	0.000185967	80.238
436.49	9.74	6.4978462e-11	3.05178e-05	0.000143052	0.000151635	79.362
437.9868	9.744	6.50051472e-11	7.43871e-05	0.00020218	0.000223161	69.078
439.496	9.748	6.503183239999999e-11	7.43871e-05	0.00020218	0.000218392	70.356
440.9805	9.752	6.50585176e-11	0.000108719	0.000143052	0.000186921	48.498
442.4686	9.756	6.50852028e-11	0.000105858	0.000110627	0.000151635	46.974
444.2303	9.76	6.5111888e-11	7.43871e-05	7.91554e-05	0.000118256	49.926
445.7162	9.764	6.51385732e-11	3.52862e-05	3.71935e-05	6.19893e-05	38.568
447.156	9.768	6.51652584e-11	1.04905e-05	1.90736e-05	2.3842e-05	66.798
448.6262	9.772	6.51919436e-11	-4.00546e-05	1.04905e-05	4.38693e-05	162.6
450.1156	9.776	6.521862879999999e-11	-0.000108719	-5.3406e-05	0.000130654	-156.612
451.6507	9.78	6.524531399999999e-11	-0.000187875	-4.29156e-05	0.000181199	-166.956
453.1212	9.784	6.52719992e-11	-0.000204087	-3.81473e-06	0.000199319	-177.318
454.8487	9.788	6.52986844e-11	-0.000248911	-8.58313e-06	0.000248911	-179.544
456.3198	9.792	6.53253696e-11	-0.000239373	-2.9564e-05	0.000241281	-173.346
457.7676	9.796	6.53520548e-11	-0.000262262	-2.19346e-05	0.000263216	-174.06
459.2625	9.8	6.537874000000001e-11	-0.00020218	3.52862e-05	0.000201226	170.226
460.7638	9.804	6.540542519999999e-11	-0.000266077	-1.90736e-05	0.00026417	-175.5
462.5091	9.808	6.543211039999999e-11	-0.000226022	-1.81199e-05	0.000223161	-176.382
463.9926	9.812	6.545879559999999e-11	-0.000240327	-2.86104e-06	0.000236512	-178.872
465.4515	9.816	6.54854808e-11	-0.000206948	-1.43052e-05	0.00020218	-175.206
466.899	9.82	6.5512166e-11	-0.000279428	-1.90736e-06	0.000280382	179.46
468.3855	9.824	6.55388512e-11	-0.000259401	-4.00546e-05	0.000254633	-171.288
470.103	9.828	6.55655364e-11	-0.000257494	-0.000104905	0.000278475	-158.454
471.5878	9.832	6.55922216e-11	-0.000347139	-9.82289e-05	0.000362398	-164.028
473.0562	9.836	6.56189068e-11	-0.000384333	-0.000120163	0.00040436	-163.41
474.5265	9.84	6.564559199999999e-11	-0.000452997	-0.000164033	0.000474932	-159.726
476.0523	9.844	6.567227719999999e-11	-0.000547413	-0.00014782	0.000557903	-164.256
477.557	9.848	6.56989624e-11	-0.000597004	-0.000118256	0.000608448	-168.948
479.0086	9.852	6.57256476e-11	-0.000658039	-0.000143052	0.000672344	-167.298
480.4972	9.856	6.57523328e-11	-0.000709537	-0.000120163	0.000713352	-170.394
482.2264	9.86	6.577901799999999e-11	-0.000700001	-0.000106812	0.000712398	-171.45
483.7297	9.864	6.58057032e-11	-0.000724796	-0.000120163	0.00074387	-169.884
485.2324	9.868	6.58323884e-11	-0.000679974	-0.000164987	0.000705723	-166.08
486.6884	9.872	6.58590736e-11	-0.000700954	-0.000158311	0.000721935	-167.424
488.1579	9.876	6.58857588e-11	-0.000688557	-0.000157357	0.000708584	-167.232
489.6454	9.88	6.5912444e-11	-0.000652317	-0.000234605	0.000692371	-160.056
491.1091	9.884	6.59391292e-11	-0.000621799	-0.00027466	0.000688557	-157.116
492.8445	9.888	6.59658144e-11	-0.000558857	-0.000297548	0.000628475	-151.59
494.3435	9.892	6.599249959999999e-11	-0.000508312	-0.000299456	0.000586513	-150.108
495.8174	9.896	6.60191848e-11	-0.00053883	-0.000364305	0.000639919	-144.996
497.3183	9.9	6.604587e-11	-0.000432016	-0.000345232	0.000554089	-141.996
498.8235	9.904	6.60725552e-11	-0.000387194	-0.000401499	0.000559811	-135.432
500.6003	9.908	6.60992404e-11	-0.000355722	-0.000336649	0.000489239	-137.7
502.1116	9.912	6.61259256e-11	-0.000338556	-0.000304224	0.000449182	-138.438
503.5871	9.916	6.61526108e-11	-0.000379564	-0.000263216	0.000462534	-144.9
505.3085	9.92	6.617929599999999e-11	-0.000336649	-0.000245096	0.000415804	-144.252
506.7865	9.924	6.620598119999999e-11	-0.000326158	-0.000210763	0.000394823	-147.51
508.2578	9.928	6.62326664e-11	-0.000337603	-0.000135423	0.000356676	-158.436
509.7078	9.932	6.62593516e-11	-0.000350954	-0.000134469	0.000370027	-159.372
511.2005	9.936	6.62860368e-11	-0.000385286	-6.67575e-06	0.000383379	-178.8
512.9292	9.94	6.6312722e-11	-0.000388147	-4.86376e-05	0.000391008	-173.19
514.4247	9.944	6.633940720000001e-11	-0.000463488	1.04905e-05	0.000464441	179.25
515.898	9.948	6.63660924e-11	-0.00044346	1.33515e-05	0.000444414	178.278
517.3733	9.952	6.639277759999999e-11	-0.000497822	-2.86103e-05	0.000498775	-177.48
518.8254	9.956	6.641946279999999e-11	-0.000473024	-6.96187e-05	0.00046921	-171.732
520.3571	9.96	6.6446148e-11	-0.000533108	-6.00817e-05	0.0005312	-174.06
521.8443	9.964	6.64728332e-11	-0.000554089	-8.67848e-05	0.000570301	-171.276
523.5643	9.968	6.64995184e-11	-0.000507358	-0.000164033	0.000535969	-162.084
525.0495	9.972	6.65262036e-11	-0.000512127	-0.00018406	0.000552181	-160.698
526.5155	9.976	6.65528888e-11	-0.000487329	-0.000233651	0.000541691	-155.01
528.003	9.98	6.6579574e-11	-0.000478746	-0.000239373	0.000530247	-153.276
529.4795	9.984	6.66062592e-11	-0.000454905	-0.000231744	0.000515942	-154.26
531.2156	9.988	6.663294439999999e-11	-0.000430109	-0.000262262	0.000497822	-148.248
532.7098	9.992	6.66596296e-11	-0.000429155	-0.000279428	0.000509266	-145.17
534.1816	9.996	6.66863148e-11	-0.00038624	-0.000242234	0.000458719	-146.79
535.6969	10.0	6.6713e-11	-0.00039673	-0.000257494	0.000471117	-146.85
537.1892	10.004	6.673968519999999e-11	-0.000395777	-0.000216485	0.000455858	-151.644
538.6881	10.008	6.676637039999999e-11	-0.000401499	-0.000232697	0.000471117	-150.234
540.1943	10.012	6.67930556e-11	-0.000411989	-0.00017357	0.000447275	-157.722
541.6807	10.016	6.68197408e-11	-0.000390055	-0.000171662	0.000433924	-156.45
543.1657	10.02	6.6846426e-11	-0.000423433	-0.000174523	0.000453951	-156.846
544.6371	10.024	6.68731112e-11	-0.000406267	-0.000164987	0.000438692	-157.824
546.1047	10.028	6.68997964e-11	-0.000401499	-0.000122071	0.000420572	-164.904
547.5989	10.032	6.692648159999999e-11	-0.000370027	-0.000106812	0.000385286	-163.812
549.0706	10.036	6.695316679999999e-11	-0.000346186	-0.000117302	0.000373842	-162.33
550.5414	10.04	6.697985199999999e-11	-0.000312807	-0.000102044	0.000329973	-161.676
552.0122	10.044	6.70065372e-11	-0.00026417	-8.96459e-05	0.000278475	-159.588
553.7329	10.048	6.70332224e-11	-0.000235558	-9.63216e-05	0.000247957	-157.146
555.2273	10.052	6.70599076e-11	-0.0002203	-8.58312e-05	0.000242234	-159.042
556.7225	10.056	6.70865928e-11	-0.000156404	-0.000117302	0.00019455	-141.918
558.2112	10.06	6.7113278e-11	-0.000172616	-6.67577e-05	0.000185967	-158.424
559.6822	10.064	6.713996319999999e-11	-0.000159265	-9.34605e-05	0.000187875	-149.76
561.4302	10.068	6.716664839999999e-11	-0.000158311	-8.58312e-05	0.000180245	-153.72
562.9005	10.072	6.719333359999999e-11	-0.000154496	-8.10628e-05	0.000177384	-151.542
564.3818	10.076	6.72200188e-11	-0.000135423	-0.000102997	0.000170709	-143.976
566.1321	10.08	6.7246704e-11	-0.000160218	-5.14986e-05	0.000167848	-159.786
567.6339	10.084	6.72733892e-11	-0.00016594	-5.6267e-05	0.000185014	-163.398
569.0888	10.088	6.73000744e-11	-0.000144006	-9.05995e-05	0.000167848	-145.68
570.5624	10.092	6.73267596e-11	-0.000150681	-7.24797e-05	0.000159265	-147.84
572.05	10.096	6.73534448e-11	-0.000217439	-3.81473e-06	0.000216485	-177.684
573.7589	10.1	6.738012999999999e-11	-0.000222207	-3.14715e-05	0.000221253	-171.822
575.2076	10.104	6.740681519999999e-11	-0.000213624	-2.0981e-05	0.000216485	-173.832
576.7193	10.108	6.74335004e-11	-0.000239373	0.0	0.00023079	180.0
578.1906	10.112	6.74601856e-11	-0.000227929	3.05178e-05	0.000227929	172.128
579.675	10.116	6.74868708e-11	-0.000252726	2.86103e-05	0.000258448	174.288
581.1571	10.12	6.751355599999999e-11	-0.000249865	-4.86376e-05	0.000255587	-169.8
582.6519	10.124	6.75402412e-11	-0.000283243	-2.76567e-05	0.000287058	-174.828
584.3949	10.128	6.75669264e-11	-0.000253679	-7.62944e-05	0.000261309	-164.136
585.8816	10.132	6.75936116e-11	-0.000268938	-6.00817e-05	0.000283243	-167.256
587.3533	10.136	6.762029679999999e-11	-0.000231744	-8.29701e-05	0.000248911	-160.08
588.8727	10.14	6.7646982e-11	-0.00030327	-0.00010109	0.000317575	-162.06
590.3425	10.144	6.76736672e-11	-0.000302317	-0.000156404	0.000332834	-150.912
592.0627	10.148	6.770035239999999e-11	-0.000255587	-0.000134469	0.000289919	-152.442
593.5416	10.152	6.772703759999999e-11	-0.000205995	-0.000136376	0.000247957	-146.436
595.0279	10.156	6.77537228e-11	-0.00017357	-0.00014782	0.000226022	-139.416
596.7679	10.16	6.7780408e-11	-0.000187875	-0.00020218	0.00027466	-133.032
598.2256	10.164	6.78070932e-11	-0.000100136	-0.000142098	0.000169755	-122.076
599.7403	10.168	6.78337784e-11	-8.86922e-05	-0.000148774	0.000171662	-121.65
601.2275	10.172	6.78604636e-11	-2.6703e-05	-0.00012684	0.000130654	-101.364
602.7615	10.176	6.788714879999999e-11	-3.81473e-06	-0.000130654	0.000130654	-91.728
604.4961	10.18	6.791383399999999e-11	4.67303e-05	-0.000110627	0.00011921	-68.616
605.9938	10.184	6.794051919999999e-11	4.10082e-05	-8.48775e-05	8.96459e-05	-68.28
607.47	10.188	6.79672044e-11	2.76567e-05	-4.19619e-05	5.3406e-05	-50.904
608.9525	10.192	6.79938896e-11	7.72481e-05	-4.00546e-05	8.20165e-05	-26.142
610.4283	10.196	6.80205748e-11	3.05178e-05	-2.86103e-05	4.48229e-05	-30.966
611.8993	10.2	6.804726e-11	5.72207e-05	2.00273e-05	6.67577e-05	16.326
613.3859	10.204	6.807394520000001e-11	2.6703e-05	6.38966e-05	6.77113e-05	69.042
615.1289	10.208	6.810063039999999e-11	1.71663e-05	5.9128e-05	6.38966e-05	82.734
616.5971	10.212	6.812731559999999e-11	-1.33515e-05	4.10082e-05	4.19619e-05	108.738
618.0675	10.216	6.815400079999999e-11	-6.38966e-05	0.000104905	0.000121117	119.43
619.5396	10.22	6.8180686e-11	-6.8665e-05	5.72207e-05	8.77385e-05	137.784
621.03	10.224	6.82073712e-11	-9.91826e-05	3.05178e-05	0.000102997	158.334
622.7722	10.228	6.82340564e-11	-7.05724e-05	3.91009e-05	7.91554e-05	152.13
624.259	10.232	6.82607416e-11	-8.39238e-05	7.34334e-05	0.000116349	140.196
625.7475	10.236	6.82874268e-11	-0.000114441	1.23978e-05	0.00011921	175.236
627.4723	10.24	6.8314112e-11	-8.10628e-05	-1.14442e-05	8.48775e-05	-177.762
628.9576	10.244	6.83407972e-11	-6.67577e-05	-8.48775e-05	0.000102044	-126.402
630.4298	10.248	6.836748239999999e-11	-5.24523e-05	-8.01091e-05	9.44142e-05	-122.004
631.9178	10.252	6.83941676e-11	-2.28883e-05	-8.01091e-05	8.20165e-05	-112.404
633.4072	10.256	6.84208528e-11	8.58313e-06	-8.67848e-05	8.77385e-05	-84.804
635.1314	10.26	6.8447538e-11	4.29156e-05	-0.000106812	0.000116349	-67.008
636.6354	10.264	6.847422319999999e-11	6.10356e-05	-0.000123979	0.000136376	-67.272
638.1215	10.268	6.85009084e-11	4.38693e-05	-0.000102044	0.000107766	-67.272
639.6132	10.272	6.85275936e-11	4.67303e-05	-0.000105858	0.00011921	-60.33
641.0839	10.276	6.85542788e-11	0.000190736	-8.48775e-05	0.000204087	-25.638
642.5503	10.28	6.8580964e-11	0.00010109	-6.67577e-05	0.000123979	-34.356
644.04	10.284	6.86076492e-11	0.000148774	-2.57493e-05	0.000152589	-8.688
645.7799	10.288	6.86343344e-11	9.82289e-05	-1.90736e-05	0.000106812	-12.786
647.2725	10.292	6.866101959999999e-11	8.58312e-05	4.38693e-05	9.25069e-05	28.41
648.7758	10.296	6.868770479999999e-11	7.82018e-05	2.3842e-05	8.77385e-05	19.23
650.2863	10.3	6.871439e-11	8.77385e-05	5.9128e-05	0.000107766	32.712
651.7808	10.304	6.87410752e-11	5.53133e-05	7.43871e-05	9.15532e-05	55.386
653.5184	10.308	6.87677604e-11	7.1526e-05	9.25069e-05	0.000118256	49.116
655.0106	10.312	6.87944456e-11	8.01091e-05	7.1526e-05	9.91826e-05	37.908
656.4918	10.316	6.88211308e-11	8.39238e-05	8.10628e-05	0.000115395	43.122
657.9968	10.32	6.884781599999999e-11	6.10356e-05	8.58312e-05	0.000105858	58.11
659.4567	10.324	6.887450119999999e-11	9.72752e-05	5.24523e-05	0.00011158	31.08
661.1861	10.328	6.890118639999999e-11	6.48503e-05	2.3842e-05	5.9128e-05	18.006
662.6681	10.332	6.89278716e-11	5.72207e-05	1.71663e-05	6.19893e-05	21.036
664.1676	10.336	6.89545568e-11	7.53407e-05	3.71935e-05	8.48775e-05	30.192
665.9013	10.34	6.8981242e-11	4.86376e-05	-3.81472e-05	5.81744e-05	-33.876
667.4064	10.344	6.90079272e-11	7.43871e-05	-9.5368e-06	6.67577e-05	-9.162
668.8747	10.348	6.90346124e-11	7.24797e-05	-3.24252e-05	8.39238e-05	-20.136
670.3464	10.352	6.90612976e-11	4.38693e-05	-5.14986e-05	6.8665e-05	-49.164
671.8171	10.356	6.908798279999999e-11	2.6703e-05	-5.6267e-05	6.19893e-05	-48.366
673.5449	10.36	6.911466799999999e-11	4.38693e-05	-6.48503e-05	7.72481e-05	-50.712
674.9972	10.364	6.91413532e-11	3.43325e-05	-5.24523e-05	6.19893e-05	-55.806
676.4675	10.368	6.91680384e-11	-1.04905e-05	-3.62399e-05	3.71935e-05	-100.494
677.9577	10.372	6.91947236e-11	-4.19619e-05	-4.57766e-05	5.9128e-05	-121.302
679.4315	10.376	6.92214088e-11	1.04905e-05	-3.71935e-05	3.71935e-05	-83.988
680.9307	10.38	6.9248094e-11	-5.9128e-05	-2.86103e-05	7.05724e-05	-160.908
682.435	10.384	6.92747792e-11	-2.47956e-05	-5.14986e-05	5.3406e-05	-109.56
684.1725	10.388	6.93014644e-11	-2.47956e-05	-3.14715e-05	3.71935e-05	-130.488
685.6512	10.392	6.932814959999999e-11	-2.3842e-05	-4.29156e-05	5.24523e-05	-134.01
687.1391	10.396	6.93548348e-11	-3.62399e-05	-3.81473e-06	4.19619e-05	-169.02
688.6079	10.4	6.938152e-11	-1.43052e-05	-5.14986e-05	5.0545e-05	-90.0
690.0758	10.404	6.94082052e-11	2.3842e-05	-4.7684e-06	3.33788e-05	-5.388
691.8213	10.408	6.943489039999999e-11	-3.33788e-05	-6.19893e-05	6.48503e-05	-115.434
693.2789	10.412	6.94615756e-11	-3.81473e-06	-6.8665e-05	6.5804e-05	-89.406
694.7837	10.416	6.94882608e-11	6.67575e-06	-6.5804e-05	6.48503e-05	-89.418
696.4896	10.42	6.9514946e-11	-1.90736e-06	-3.24252e-05	3.24252e-05	-105.642
697.9821	10.424	6.95416312e-11	1.04905e-05	-4.67303e-05	5.14986e-05	-58.44
699.4655	10.428	6.95683164e-11	-4.00546e-05	-9.63216e-05	9.82289e-05	-99.33
700.9206	10.432	6.95950016e-11	-9.5368e-06	-8.10628e-05	8.10628e-05	-96.492
702.4249	10.436	6.962168679999999e-11	2.28883e-05	-6.67577e-05	7.05724e-05	-65.148
704.1704	10.44	6.964837199999999e-11	6.48503e-05	-6.77113e-05	9.34605e-05	-45.582
705.6564	10.444	6.96750572e-11	6.77113e-05	-2.6703e-05	7.24797e-05	-18.27
707.1419	10.448	6.97017424e-11	5.0545e-05	-2.86104e-06	5.0545e-05	-11.85
708.5838	10.452	6.97284276e-11	8.67848e-05	-4.38693e-05	0.00010109	-24.264
710.0707	10.456	6.97551128e-11	0.000117302	-2.28883e-05	0.000118256	-9.462
711.5904	10.46	6.978179800000001e-11	9.44142e-05	-4.29156e-05	0.000107766	-25.8
713.0552	10.464	6.980848319999999e-11	0.000108719	2.19346e-05	0.000110627	7.98
714.7804	10.468	6.983516839999999e-11	0.000117302	1.43052e-05	0.000120163	8.484
716.3085	10.472	6.986185359999999e-11	9.05995e-05	-4.29156e-05	0.000105858	-25.314
717.7769	10.476	6.98885388e-11	6.5804e-05	2.86103e-05	7.1526e-05	25.176
719.2453	10.48	6.9915224e-11	7.34334e-05	2.28883e-05	7.91554e-05	19.044
720.7526	10.484	6.99419092e-11	0.000105858	1.71663e-05	0.000110627	11.712
722.4943	10.488	6.99685944e-11	6.5804e-05	2.57493e-05	7.24797e-05	17.142
723.9827	10.492	6.99952796e-11	6.00817e-05	4.86376e-05	7.72481e-05	39.426
725.498	10.496	7.00219648e-11	1.71663e-05	4.38693e-05	5.3406e-05	58.134
727.229	10.5	7.004865e-11	7.53407e-05	0.0	6.8665e-05	5.196
728.7172	10.504	7.007533519999999e-11	0.000123025	4.86376e-05	0.00012684	21.51
730.1856	10.508	7.010202039999999e-11	0.000103951	1.52589e-05	0.000103951	7.17
731.6407	10.512	7.01287056e-11	0.000141145	2.00273e-05	0.000142098	7.026
733.1216	10.516	7.01553908e-11	0.000104905	-1.81199e-05	0.000110627	-8.82
734.8567	10.52	7.018207599999999e-11	0.000145913	2.19346e-05	0.000144959	8.808
736.31	10.524	7.020876119999999e-11	0.00017357	5.72208e-06	0.000168801	3.474
737.8099	10.528	7.02354464e-11	7.05724e-05	8.58313e-06	7.34334e-05	6.624
739.2814	10.532	7.02621316e-11	0.000123979	1.90736e-05	0.000127793	8.046
740.7901	10.536	7.02888168e-11	0.000117302	3.81473e-06	0.000113488	3.366
742.2586	10.54	7.031550199999998e-11	8.58312e-05	-2.47956e-05	8.86922e-05	-17.196
743.7326	10.544	7.03421872e-11	6.10356e-05	2.86103e-05	7.05724e-05	22.494
745.4581	10.548	7.03688724e-11	7.91554e-05	5.3406e-05	9.63216e-05	32.808
746.9315	10.552	7.039555759999999e-11	-1.90736e-06	3.24252e-05	3.62399e-05	119.25
748.402	10.556	7.042224279999999e-11	5.24523e-05	2.57493e-05	6.8665e-05	20.808
749.8884	10.56	7.0448928e-11	3.05178e-05	-4.19619e-05	4.86376e-05	-51.84
751.3876	10.564	7.04756132e-11	-4.7684e-06	-9.5368e-06	1.04905e-05	-74.748
753.1161	10.568	7.05022984e-11	2.19346e-05	6.67575e-06	2.47956e-05	16.554
754.6194	10.572	7.05289836e-11	4.76839e-05	4.7684e-06	4.76839e-05	10.524
756.0948	10.576	7.05556688e-11	5.81744e-05	1.71663e-05	7.05724e-05	9.21
757.8382	10.58	7.058235399999999e-11	4.86376e-05	-4.7684e-06	4.86376e-05	-3.138
759.3175	10.584	7.060903919999999e-11	6.10356e-05	-5.14986e-05	7.72481e-05	-36.468
760.8119	10.588	7.063572439999999e-11	5.0545e-05	-9.5368e-06	5.6267e-05	-9.762
762.2799	10.592	7.06624096e-11	0.000108719	-1.62126e-05	0.000105858	-8.442
763.763	10.596	7.06890948e-11	8.39238e-05	-2.47956e-05	8.96459e-05	-15.948
765.5111	10.6	7.071578e-11	9.72752e-05	-4.95913e-05	0.000117302	-22.224
766.9825	10.604	7.07424652e-11	0.00011158	-3.43325e-05	0.000122071	-16.026
768.4812	10.608	7.07691504e-11	0.000107766	-5.6267e-05	0.000117302	-27.45
769.9868	10.612	7.079583559999999e-11	5.9128e-05	-3.62399e-05	6.77113e-05	-30.378
771.4704	10.616	7.082252079999999e-11	7.53407e-05	-2.0981e-05	6.8665e-05	-15.948
772.9439	10.62	7.084920599999999e-11	6.10356e-05	-2.86103e-05	6.5804e-05	-23.73
774.4354	10.624	7.08758912e-11	6.8665e-05	-1.14442e-05	6.77113e-05	-13.764
775.9058	10.628	7.09025764e-11	4.48229e-05	1.52589e-05	4.48229e-05	10.308
777.6331	10.632	7.09292616e-11	2.86103e-05	6.67575e-06	3.62399e-05	12.846
779.1292	10.636	7.095594679999999e-11	3.33788e-05	4.19619e-05	5.43597e-05	48.546
780.6038	10.64	7.0982632e-11	3.81473e-06	-6.67575e-06	3.81473e-06	-170.538
782.0565	10.644	7.10093172e-11	1.71663e-05	3.24252e-05	3.71935e-05	52.494
783.7665	10.648	7.10360024e-11	1.04905e-05	5.6267e-05	5.43597e-05	78.69
785.2623	10.652	7.106268759999999e-11	1.62126e-05	5.3406e-05	5.43597e-05	80.076
786.7288	10.656	7.10893728e-11	-2.28883e-05	3.05178e-05	3.33788e-05	110.28
788.4615	10.66	7.1116058e-11	3.24252e-05	-7.62945e-06	3.24252e-05	-15.462
789.9326	10.664	7.114274319999999e-11	2.86104e-06	1.90736e-05	1.90736e-05	99.462
791.3878	10.668	7.116942839999999e-11	-6.67575e-06	-1.14442e-05	1.23978e-05	-130.914
792.8594	10.672	7.11961136e-11	-2.86104e-06	-2.0981e-05	1.81199e-05	-87.612
794.313	10.676	7.12227988e-11	2.86104e-06	-6.5804e-05	6.38966e-05	-96.744
795.7816	10.68	7.1249484e-11	-2.47956e-05	-9.53679e-05	9.91826e-05	-106.734
797.2569	10.684	7.12761692e-11	1.23978e-05	-5.14986e-05	4.86376e-05	-78.366
798.7272	10.688	7.13028544e-11	1.90736e-06	-4.10082e-05	4.10082e-05	-77.076
800.1958	10.692	7.132953959999999e-11	8.58313e-06	-7.05724e-05	6.48503e-05	-77.472
801.6669	10.696	7.135622479999999e-11	2.86104e-06	-1.33515e-05	1.23978e-05	-68.748
803.1228	10.7	7.138290999999999e-11	4.48229e-05	-2.3842e-05	5.72207e-05	-26.004
804.6124	10.704	7.14095952e-11	7.62945e-06	-7.62945e-06	8.58313e-06	-48.816
806.3546	10.708	7.14362804e-11	0.0	-1.62126e-05	1.52589e-05	-80.136
807.8348	10.712	7.14629656e-11	4.86376e-05	-4.76839e-05	7.34334e-05	-39.744
809.31	10.716	7.14896508e-11	2.19346e-05	-3.33788e-05	3.91009e-05	-59.532
810.7827	10.72	7.151633600000001e-11	0.000100136	-6.10356e-05	0.000123979	-31.686
812.2509	10.724	7.154302119999999e-11	4.86376e-05	0.0	5.0545e-05	-2.148
814.0411	10.728	7.156970639999999e-11	6.48503e-05	-9.5368e-06	6.10356e-05	-10.698
815.5032	10.732	7.159639159999999e-11	8.39238e-05	1.90736e-06	9.05995e-05	2.016
816.9889	10.736	7.16230768e-11	9.15532e-05	-4.00546e-05	9.25069e-05	-25.248
818.744	10.74	7.1649762e-11	7.34334e-05	3.33788e-05	8.20165e-05	20.022
820.2486	10.744	7.16764472e-11	9.91826e-05	-2.6703e-05	0.000103951	-12.804
821.7075	10.748	7.17031324e-11	9.63216e-05	4.10082e-05	0.000104905	22.068
823.1626	10.752	7.17298176e-11	7.24797e-05	-3.81473e-06	7.72481e-05	-4.842
824.6312	10.756	7.17565028e-11	3.91009e-05	4.86376e-05	5.9128e-05	57.924
826.1143	10.76	7.178318799999999e-11	6.5804e-05	3.91009e-05	7.24797e-05	28.482
827.6401	10.764	7.180987319999999e-11	4.48229e-05	0.0	4.19619e-05	0.924
829.1071	10.768	7.18365584e-11	2.00273e-05	5.0545e-05	5.72207e-05	60.33
830.5942	10.772	7.18632436e-11	6.2943e-05	6.19893e-05	9.15532e-05	44.712
832.0501	10.776	7.18899288e-11	3.62399e-05	4.10082e-05	5.53133e-05	46.908
833.5189	10.78	7.191661399999999e-11	2.86104e-06	2.86103e-05	2.86103e-05	83.208
835.0134	10.784	7.19432992e-11	9.44142e-05	1.90736e-06	8.96459e-05	-0.444
836.4835	10.788	7.19699844e-11	-1.33515e-05	-7.62945e-06	1.71663e-05	-146.886
838.237	10.792	7.19966696e-11	2.3842e-05	2.86103e-05	3.43325e-05	60.834
839.7053	10.796	7.20233548e-11	9.5368e-06	-7.62945e-06	9.5368e-06	-79.38
841.2005	10.8	7.205004e-11	3.91009e-05	5.72208e-06	4.10082e-05	2.772
842.6514	10.804	7.20767252e-11	5.9128e-05	-1.90736e-05	6.19893e-05	-17.652
844.4328	10.808	7.210341039999999e-11	3.71935e-05	-2.28883e-05	4.19619e-05	-28.542
845.8872	10.812	7.213009559999999e-11	6.8665e-05	-9.53682e-07	7.82018e-05	1.848
847.3748	10.816	7.21567808e-11	0.00011158	-2.9564e-05	0.000117302	-12.456
848.8734	10.82	7.2183466e-11	5.53133e-05	-1.33515e-05	6.2943e-05	-9.366
850.3433	10.824	7.22101512e-11	8.20165e-05	1.62126e-05	8.77385e-05	10.23
852.0736	10.828	7.22368364e-11	7.05724e-05	2.6703e-05	7.53407e-05	18.27
853.547	10.832	7.22635216e-11	2.86103e-05	1.81199e-05	3.14715e-05	41.532
855.0135	10.836	7.229020679999999e-11	4.86376e-05	1.90736e-05	4.86376e-05	31.758
856.5049	10.84	7.231689199999999e-11	5.43597e-05	4.19619e-05	6.77113e-05	37.878
857.9763	10.844	7.234357719999999e-11	3.52862e-05	5.72208e-06	3.52862e-05	3.12
859.4711	10.848	7.23702624e-11	4.38693e-05	7.62945e-06	4.00546e-05	3.012
860.9621	10.852	7.23969476e-11	-5.72208e-06	8.58313e-06	8.58313e-06	55.302
862.4156	10.856	7.24236328e-11	3.81473e-06	1.52589e-05	1.52589e-05	77.736
863.9091	10.86	7.2450318e-11	1.90736e-05	1.23978e-05	3.33788e-05	23.862
865.4036	10.864	7.247700320000001e-11	-2.0981e-05	2.3842e-05	3.24252e-05	128.088
866.9123	10.868	7.25036884e-11	-1.71663e-05	3.05178e-05	3.71935e-05	114.444
868.3865	10.872	7.253037359999999e-11	-7.62945e-06	3.05178e-05	3.43325e-05	105.348
869.8746	10.876	7.255705879999999e-11	5.9128e-05	-2.76567e-05	6.5804e-05	-24.198
871.343	10.88	7.2583744e-11	7.62944e-05	1.90736e-06	6.8665e-05	2.862
872.8112	10.884	7.26104292e-11	7.34334e-05	-1.23978e-05	7.1526e-05	-11.634
874.2816	10.888	7.26371144e-11	8.10628e-05	-3.81472e-05	8.39238e-05	-32.928
875.7575	10.892	7.26637996e-11	5.72207e-05	-1.23978e-05	6.19893e-05	-16.806
877.2086	10.896	7.26904848e-11	6.48503e-05	0.0	6.19893e-05	1.908
878.6835	10.9	7.271717e-11	0.000118256	2.86104e-06	0.000108719	1.068
880.1513	10.904	7.27438552e-11	0.000105858	1.90736e-06	0.000105858	-0.366
881.8836	10.908	7.277054039999999e-11	3.33788e-05	6.67575e-06	3.71935e-05	9.462
883.3552	10.912	7.27972256e-11	8.86922e-05	3.52862e-05	9.44142e-05	21.876
884.8194	10.916	7.28239108e-11	7.91554e-05	2.76567e-05	9.25069e-05	17.928
886.2975	10.92	7.2850596e-11	7.91554e-05	8.58313e-06	7.05724e-05	8.616
887.7628	10.924	7.287728119999999e-11	5.72208e-06	2.00273e-05	2.19346e-05	65.856
889.239	10.928	7.29039664e-11	4.19619e-05	4.48229e-05	5.81744e-05	39.534
890.7564	10.932	7.29306516e-11	1.23978e-05	1.81199e-05	2.3842e-05	52.524
892.2432	10.936	7.29573368e-11	-1.90736e-06	2.86103e-05	2.86103e-05	78.18
894.0194	10.94	7.2984022e-11	1.71663e-05	2.19346e-05	2.9564e-05	49.398
895.5172	10.944	7.30107072e-11	5.72208e-06	1.90736e-06	4.7684e-06	97.596
896.9955	10.948	7.30373924e-11	-3.62399e-05	1.43052e-05	5.0545e-05	157.656
898.4764	10.952	7.306407759999999e-11	-1.62126e-05	2.9564e-05	3.33788e-05	133.41
899.9863	10.956	7.309076279999999e-11	-2.47956e-05	-4.7684e-06	2.47956e-05	-175.602
901.4562	10.96	7.3117448e-11	2.19346e-05	-2.9564e-05	3.24252e-05	-68.874
902.9449	10.964	7.31441332e-11	-3.05178e-05	-2.0981e-05	4.19619e-05	-146.31
904.7193	10.968	7.31708184e-11	-4.48229e-05	-5.24523e-05	6.8665e-05	-129.174
906.1913	10.972	7.31975036e-11	-1.14442e-05	-6.5804e-05	6.5804e-05	-103.47
907.6735	10.976	7.322418880000001e-11	-1.14442e-05	-4.38693e-05	4.76839e-05	-101.166
909.161	10.98	7.325087399999999e-11	-4.7684e-06	-6.5804e-05	6.38966e-05	-85.83
910.6519	10.984	7.327755919999999e-11	-1.81199e-05	-5.0545e-05	5.72207e-05	-114.03
912.3776	10.988	7.330424439999999e-11	1.90736e-06	-8.67848e-05	8.77385e-05	-93.93
913.8495	10.992	7.33309296e-11	5.72208e-06	-6.8665e-05	7.24797e-05	-85.404
915.3637	10.996	7.33576148e-11	-1.71663e-05	-7.82018e-05	8.10628e-05	-106.698
916.819	11.0	7.33843e-11	5.72207e-05	-7.82018e-05	9.72752e-05	-53.598
918.3103	11.004	7.34109852e-11	-1.14442e-05	-3.14715e-05	2.86103e-05	-104.742
919.8139	11.008	7.343767039999999e-11	6.38966e-05	-3.14715e-05	7.1526e-05	-20.43
921.3317	11.012	7.34643556e-11	9.15532e-05	-4.76839e-05	0.000104905	-30.468
922.7973	11.016	7.34910408e-11	5.9128e-05	-2.6703e-05	6.77113e-05	-26.088
924.5265	11.02	7.351772599999999e-11	0.000152589	-1.43052e-05	0.00014782	-5.502
926.0035	11.024	7.354441119999999e-11	0.000123979	-3.71935e-05	0.00012684	-14.988
927.4895	11.028	7.35710964e-11	0.000134469	-2.28883e-05	0.000138284	-8.406
928.9794	11.032	7.35977816e-11	0.000196458	1.90736e-05	0.000201226	6.426
930.4503	11.036	7.36244668e-11	0.000189782	2.86104e-06	0.000199319	2.076
931.9168	11.04	7.365115199999999e-11	0.000205995	2.28883e-05	0.000205995	5.766
933.4021	11.044	7.36778372e-11	0.000183106	3.33788e-05	0.000188828	11.076
934.9065	11.048	7.37045224e-11	0.000214578	5.81744e-05	0.000219346	16.134
936.3975	11.052	7.37312076e-11	0.000178338	2.9564e-05	0.000182153	8.808
937.8823	11.056	7.375789279999998e-11	0.000189782	8.10628e-05	0.000201226	22.548
939.3734	11.06	7.3784578e-11	0.000172616	7.43871e-05	0.000191689	22.392
940.8445	11.064	7.38112632e-11	0.000149728	4.76839e-05	0.000156404	17.82
942.5854	11.068	7.383794839999999e-11	0.000134469	6.48503e-05	0.000152589	25.344
944.0541	11.072	7.386463359999999e-11	0.00016594	0.000117302	0.00020218	34.902
945.5618	11.076	7.38913188e-11	0.000141145	4.19619e-05	0.000143052	16.056
947.0325	11.08	7.3918004e-11	0.000116349	3.52862e-05	0.000123025	12.762
948.5168	11.084	7.39446892e-11	0.00011921	3.14715e-05	0.000122071	19.23
949.9757	11.088	7.39713744e-11	0.000138284	7.82018e-05	0.000150681	33.264
951.4449	11.092	7.39980596e-11	0.000152589	7.91554e-05	0.00016594	28.554
952.9412	11.096	7.402474479999999e-11	0.00016594	4.19619e-05	0.000170709	13.434
954.6753	11.1	7.405142999999999e-11	0.000176431	6.96187e-05	0.000185967	22.266
956.144	11.104	7.407811519999999e-11	0.000169755	1.90736e-06	0.000169755	-1.356
957.6328	11.108	7.41048004e-11	0.000182153	-5.72208e-06	0.000181199	-1.89
959.1376	11.112	7.41314856e-11	0.000152589	1.81199e-05	0.000156404	6.582
960.6095	11.116	7.41581708e-11	0.000124932	-9.5368e-06	0.000125886	-2.112
962.0806	11.12	7.4184856e-11	0.000169755	1.90736e-05	0.000166894	7.41
963.5788	11.124	7.42115412e-11	0.00014782	-3.81473e-06	0.000143052	-3.492
965.3439	11.128	7.423822639999999e-11	0.000153542	2.00273e-05	0.000163079	13.2
966.8152	11.132	7.426491159999999e-11	0.000129701	3.91009e-05	0.000133515	13.542
968.2858	11.136	7.429159679999999e-11	0.000174523	-2.00273e-05	0.000177384	-6.696
969.7384	11.14	7.4318282e-11	0.000162126	-3.05178e-05	0.00016594	-10.266
971.2123	11.144	7.43449672e-11	0.000161172	1.33515e-05	0.000161172	4.068
972.9306	11.148	7.43716524e-11	0.000146867	2.86103e-05	0.000149728	9.21
974.4262	11.152	7.439833759999999e-11	0.000169755	-2.28883e-05	0.000174523	-6.72
975.9244	11.156	7.44250228e-11	0.000172616	-2.0981e-05	0.000168801	-7.068
977.4092	11.16	7.4451708e-11	0.000188828	3.33788e-05	0.000197412	11.538
978.8871	11.164	7.447839319999999e-11	0.000207902	2.9564e-05	0.000209809	7.488
980.3846	11.168	7.450507839999999e-11	0.000179292	1.23978e-05	0.000181199	4.572
981.8934	11.172	7.45317636e-11	0.000209809	1.52589e-05	0.00021267	5.868
983.3793	11.176	7.45584488e-11	0.00019455	2.86103e-05	0.000195504	9.852
985.1096	11.18	7.458513399999999e-11	0.00019455	-1.33515e-05	0.000200273	-4.794
986.5913	11.184	7.461181919999999e-11	0.00020218	3.91009e-05	0.000211717	10.62
988.0998	11.188	7.46385044e-11	0.000123025	-1.62126e-05	0.000120163	-3.48
989.5855	11.192	7.46651896e-11	0.000134469	2.47956e-05	0.000124932	10.56
991.0718	11.196	7.46918748e-11	0.000109673	3.33788e-05	0.000123979	16.812
992.5565	11.2	7.471856e-11	0.000123979	-1.62126e-05	0.000123979	-11.904
994.0631	11.204	7.47452452e-11	5.43597e-05	-1.81199e-05	6.19893e-05	-14.892
995.5139	11.208	7.47719304e-11	0.000102044	-2.86104e-06	0.000102044	-1.494
997.0068	11.212	7.479861559999999e-11	9.05995e-05	-2.47956e-05	0.000100136	-16.494
998.4729	11.216	7.482530079999999e-11	5.14986e-05	-2.00273e-05	5.6267e-05	-13.872
999.975	11.22	7.4851986e-11	3.52862e-05	-3.71935e-05	4.95913e-05	-41.184
1001.4521	11.224	7.48786712e-11	5.0545e-05	-1.14442e-05	5.3406e-05	-8.904
1002.9393	11.228	7.49053564e-11	4.57766e-05	-4.86376e-05	6.96187e-05	-47.262
1004.4102	11.232	7.49320416e-11	3.24252e-05	-7.24797e-05	7.91554e-05	-55.242
1005.8767	11.236	7.49587268e-11	2.9564e-05	-6.48503e-05	7.05724e-05	-68.298
1007.6245	11.24	7.498541199999999e-11	2.28883e-05	-8.20165e-05	8.67848e-05	-62.448
1009.077	11.244	7.501209719999999e-11	8.58313e-06	-8.29701e-05	8.20165e-05	-89.082
1010.5437	11.248	7.503878239999999e-11	1.71663e-05	-9.53679e-05	9.53679e-05	-77.736
1012.0169	11.252	7.50654676e-11	-2.0981e-05	-0.000128747	0.000130654	-98.172
1013.5016	11.256	7.50921528e-11	-4.48229e-05	-0.000114441	0.000125886	-106.104
1015.2507	11.26	7.5118838e-11	-6.00817e-05	-8.01091e-05	0.000103951	-128.994
1016.7174	11.264	7.51455232e-11	-6.67577e-05	-0.000133515	0.000152589	-117.882
1018.2418	11.268	7.51722084e-11	-8.20165e-05	-0.000160218	0.000178338	-113.502
1019.7304	11.272	7.51988936e-11	-5.43597e-05	-0.000132562	0.000145913	-115.44
1021.1791	11.276	7.522557879999999e-11	-4.67303e-05	-0.000109673	0.000117302	-113.154
1022.6649	11.28	7.525226399999999e-11	-0.000113488	-0.000107766	0.00014782	-135.372
1024.176	11.284	7.52789492e-11	-8.48775e-05	-0.000135423	0.00016594	-120.306
1025.674	11.288	7.53056344e-11	-2.6703e-05	-0.000102997	0.000103951	-105.486
1027.162	11.292	7.53323196e-11	-6.48503e-05	-0.000118256	0.000131608	-115.26
1028.6535	11.296	7.535900479999999e-11	-3.52862e-05	-0.000105858	0.000112534	-108.642
1030.1241	11.3	7.538569e-11	-2.00273e-05	-8.01091e-05	8.20165e-05	-106.392
1031.5952	11.304	7.54123752e-11	-8.58313e-06	-4.48229e-05	4.76839e-05	-88.512
1033.3229	11.308	7.54390604e-11	7.05724e-05	-7.72481e-05	0.000104905	-46.8
1034.7926	11.312	7.546574559999999e-11	9.25069e-05	-5.14986e-05	0.000100136	-27.264
1036.2782	11.316	7.54924308e-11	7.82018e-05	-5.24523e-05	9.91826e-05	-31.29
1037.7527	11.32	7.5519116e-11	9.05995e-05	-3.71935e-05	9.25069e-05	-24.342
1039.2685	11.324	7.554580119999999e-11	0.000143052	-9.53682e-07	0.000144959	-2.862
1040.9926	11.328	7.557248639999999e-11	0.000192643	-1.14442e-05	0.000186921	-0.624
1042.4644	11.332	7.55991716e-11	0.000209809	7.62944e-05	0.000225068	20.298
1043.9557	11.336	7.56258568e-11	0.000216485	9.34605e-05	0.000240327	24.522
1045.4537	11.34	7.5652542e-11	0.000254633	6.8665e-05	0.000263216	14.598
1046.9627	11.344	7.56792272e-11	0.000288012	0.000110627	0.000306131	21.432
1048.4463	11.348	7.57059124e-11	0.000298502	0.00014782	0.000332834	25.59
1049.9533	11.352	7.57325976e-11	0.00027466	0.000102997	0.000300409	21.288
1051.408	11.356	7.575928279999999e-11	0.000295641	0.000141145	0.000329973	25.224
1052.8779	11.36	7.578596799999999e-11	0.000298502	0.000167848	0.000341417	28.836
1054.3268	11.364	7.58126532e-11	0.000253679	0.000188828	0.000314714	35.652
1055.833	11.368	7.58393384e-11	0.000265123	0.000215531	0.000349047	38.76
1057.3093	11.372	7.58660236e-11	0.000263216	0.000225068	0.000348093	40.764
1058.8107	11.376	7.58927088e-11	0.000231744	0.00025654	0.000344278	48.006
1060.3003	11.38	7.591939400000001e-11	0.00023842	0.000192643	0.000299456	40.374
1061.7849	11.384	7.594607919999999e-11	0.000159265	0.000185014	0.000243188	50.334
1063.4912	11.388	7.597276439999999e-11	0.000149728	0.000167848	0.000227929	46.41
1064.9604	11.392	7.599944959999999e-11	0.00016594	0.000185014	0.000250818	47.16
1066.4367	11.396	7.60261348e-11	0.000105858	0.000161172	0.000197412	54.552
1067.8926	11.4	7.605282e-11	0.000127793	9.15532e-05	0.000154496	36.024
1069.364	11.404	7.60795052e-11	0.000143052	9.72752e-05	0.000180245	32.202
1070.8521	11.408	7.61061904e-11	0.000133515	3.62399e-05	0.000141145	17.496
1072.3382	11.412	7.61328756e-11	0.000131608	4.38693e-05	0.000138284	19.302
1073.8116	11.416	7.61595608e-11	0.000107766	1.04905e-05	0.000115395	3.924
1075.5635	11.42	7.6186246e-11	0.000166894	-1.62126e-05	0.000175477	-6.528
1077.0415	11.424	7.621293119999999e-11	0.000149728	-2.0981e-05	0.000150681	-8.766
1078.5087	11.428	7.62396164e-11	0.000213624	2.86104e-06	0.00021267	1.434
1079.9816	11.432	7.62663016e-11	0.000215531	1.90736e-05	0.000214578	4.536
1081.4495	11.436	7.62929868e-11	0.000196458	3.52862e-05	0.000203134	9.462
1082.909	11.44	7.631967199999999e-11	0.000192643	-2.76567e-05	0.000195504	-8.322
1084.3941	11.444	7.63463572e-11	0.000235558	2.86103e-05	0.000234605	7.968
1085.8709	11.448	7.63730424e-11	0.000231744	3.05178e-05	0.000234605	6.804
1087.3581	11.452	7.63997276e-11	0.000234605	5.43597e-05	0.000240327	14.502
1088.8264	11.456	7.64264128e-11	0.000207902	2.47956e-05	0.000209809	6.54
1090.2959	11.46	7.6453098e-11	0.000236512	4.95913e-05	0.000241281	12.876
1091.7993	11.464	7.64797832e-11	0.000166894	5.0545e-05	0.000174523	16.782
1093.5284	11.468	7.650646839999999e-11	0.000229836	5.24523e-05	0.000235558	14.664
1094.9996	11.472	7.653315359999999e-11	0.000195504	8.10628e-05	0.000216485	22.512
1096.4813	11.476	7.65598388e-11	0.00016594	9.05995e-05	0.000181199	30.198
1097.9758	11.48	7.6586524e-11	0.000189782	8.20165e-05	0.000210763	22.266
1099.4306	11.484	7.66132092e-11	0.000160218	9.91826e-05	0.000190736	29.694
1100.9154	11.488	7.66398944e-11	0.000141145	0.000124932	0.000192643	39.984
1102.4019	11.492	7.666657960000001e-11	0.000121117	0.000141145	0.000196458	49.566
1103.909	11.496	7.669326479999999e-11	9.15532e-05	9.44142e-05	0.000132562	45.402
1105.4114	11.5	7.671994999999999e-11	6.5804e-05	5.53133e-05	8.48775e-05	42.786
1106.8922	11.504	7.674663519999999e-11	6.19893e-05	6.5804e-05	9.05995e-05	46.482
1108.3537	11.508	7.677332039999999e-11	4.48229e-05	7.24797e-05	8.20165e-05	62.574
1109.8408	11.512	7.68000056e-11	-2.9564e-05	5.0545e-05	5.0545e-05	99.594
1111.3123	11.516	7.68266908e-11	-3.43325e-05	3.81473e-06	3.81472e-05	176.184
1113.0376	11.52	7.6853376e-11	-3.81473e-06	6.19893e-05	6.00817e-05	80.328
1114.5269	11.524	7.68800612e-11	-2.86104e-06	1.14442e-05	1.23978e-05	159.144
1115.9987	11.528	7.69067464e-11	1.04905e-05	-4.57766e-05	4.86376e-05	-85.302
1117.5019	11.532	7.693343159999999e-11	1.14442e-05	-1.71663e-05	2.19346e-05	-42.708
1118.9891	11.536	7.696011679999999e-11	2.86103e-05	-5.24523e-05	5.9128e-05	-63.438
1120.4849	11.54	7.698680199999999e-11	4.19619e-05	-5.81744e-05	7.05724e-05	-56.754
1122.01	11.544	7.70134872e-11	3.91009e-05	-6.48503e-05	7.53407e-05	-58.524
1123.7522	11.548	7.70401724e-11	9.91826e-05	-5.3406e-05	0.000114441	-29.904
1125.2699	11.552	7.70668576e-11	0.000105858	-5.14986e-05	0.000117302	-23.832
1126.7849	11.556	7.709354279999999e-11	0.000107766	-3.05178e-05	0.000118256	-12.972
1128.2725	11.56	7.7120228e-11	0.000140191	-2.6703e-05	0.000139237	-9.51
1129.7508	11.564	7.71469132e-11	9.44142e-05	8.58313e-06	9.44142e-05	4.794
1131.4693	11.568	7.71735984e-11	7.72481e-05	2.00273e-05	8.39238e-05	14.568
1132.9658	11.572	7.720028359999999e-11	0.000112534	5.72208e-06	0.000120163	4.038
1134.4602	11.576	7.72269688e-11	0.000107766	3.33788e-05	0.000106812	19.95
1136.2045	11.58	7.7253654e-11	7.24797e-05	3.71935e-05	8.58312e-05	29.694
1137.7089	11.584	7.728033919999999e-11	7.82018e-05	5.3406e-05	9.72752e-05	32.712
1139.1936	11.588	7.730702439999999e-11	9.05995e-05	5.72207e-05	0.000108719	27.36
1140.6856	11.592	7.73337096e-11	7.43871e-05	6.2943e-05	9.44142e-05	45.588
1142.1762	11.596	7.73603948e-11	2.19346e-05	5.24523e-05	5.24523e-05	78.408
1143.6477	11.6	7.738708e-11	-9.53682e-07	5.53133e-05	5.6267e-05	89.334
1145.1265	11.604	7.74137652e-11	4.76839e-05	2.3842e-05	4.76839e-05	46.104
1146.6509	11.608	7.74404504e-11	-6.67575e-06	1.23978e-05	1.71663e-05	122.622
1148.1094	11.612	7.746713559999999e-11	2.86103e-05	4.38693e-05	5.24523e-05	51.924
1149.5572	11.616	7.749382079999999e-11	-1.52589e-05	1.14442e-05	1.33515e-05	146.31
1151.051	11.62	7.752050599999999e-11	2.28883e-05	5.9128e-05	6.2943e-05	70.224
1152.5223	11.624	7.75471912e-11	4.10082e-05	-4.7684e-06	3.52862e-05	1.17
1154.2491	11.628	7.75738764e-11	1.90736e-06	1.90736e-06	5.72208e-06	114.774
1155.7537	11.632	7.76005616e-11	3.81473e-06	1.33515e-05	6.67575e-06	135.0
1157.2166	11.636	7.76272468e-11	3.43325e-05	-5.3406e-05	6.67577e-05	-45.774
1158.7057	11.64	7.7653932e-11	1.62126e-05	-2.19346e-05	2.76567e-05	-58.812
1160.1756	11.644	7.768061719999999e-11	2.28883e-05	-3.33788e-05	3.81472e-05	-55.494
1161.6683	11.648	7.770730239999999e-11	7.62945e-06	-8.58313e-06	1.43052e-05	2.292
1163.1409	11.652	7.773398759999999e-11	9.5368e-06	-2.3842e-05	2.57493e-05	-64.056
1164.5893	11.656	7.77606728e-11	-4.86376e-05	-2.6703e-05	5.81744e-05	-158.784
1166.3643	11.66	7.7787358e-11	-1.43052e-05	-3.81473e-06	2.86104e-06	5.196
1167.8423	11.664	7.78140432e-11	-2.6703e-05	-2.9564e-05	3.24252e-05	-122.004
1169.2901	11.668	7.784072839999999e-11	-2.47956e-05	1.71663e-05	3.43325e-05	149.982
1170.7853	11.672	7.78674136e-11	-4.48229e-05	-4.57766e-05	6.00817e-05	-135.468
1172.2523	11.676	7.78940988e-11	-6.38966e-05	-3.62399e-05	7.24797e-05	-149.484
1173.7218	11.68	7.792078399999999e-11	-8.01091e-05	2.00273e-05	8.58312e-05	162.804
1175.2307	11.684	7.794746919999999e-11	-7.82018e-05	-1.04905e-05	7.62944e-05	-172.878
1176.6951	11.688	7.79741544e-11	-9.15532e-05	3.43325e-05	0.00010109	159.576
1178.1984	11.692	7.80008396e-11	-4.86376e-05	2.28883e-05	5.72207e-05	151.656
1179.6918	11.696	7.80275248e-11	1.33515e-05	2.00273e-05	1.90736e-05	67.38
1181.1957	11.7	7.805420999999999e-11	-3.62399e-05	-1.14442e-05	2.86103e-05	-147.528
1182.6803	11.704	7.80808952e-11	-4.7684e-06	-5.53133e-05	5.14986e-05	-94.638
1184.4256	11.708	7.81075804e-11	-3.81473e-06	-2.28883e-05	1.71663e-05	-103.392
1185.8936	11.712	7.81342656e-11	3.71935e-05	-1.33515e-05	3.91009e-05	-18.432
1187.3644	11.716	7.81609508e-11	3.24252e-05	-5.3406e-05	5.53133e-05	-65.43
1188.8298	11.72	7.8187636e-11	9.25069e-05	-3.62399e-05	0.000103951	-18.666
1190.3053	11.724	7.82143212e-11	4.00546e-05	-1.71663e-05	4.76839e-05	-19.146
1192.0162	11.728	7.824100639999999e-11	7.62944e-05	-2.6703e-05	7.72481e-05	-17.958
1193.4843	11.732	7.826769159999999e-11	3.05178e-05	-1.52589e-05	3.91009e-05	-25.344
1194.9593	11.736	7.82943768e-11	1.52589e-05	5.72208e-06	2.6703e-05	3.576
1196.7046	11.74	7.8321062e-11	6.67575e-06	0.0	4.7684e-06	68.196
1198.1943	11.744	7.83477472e-11	-3.24252e-05	9.5368e-06	2.76567e-05	162.03
1199.6658	11.748	7.83744324e-11	-2.0981e-05	-1.62126e-05	2.6703e-05	-129.474
1201.1371	11.752	7.84011176e-11	-8.20165e-05	-1.04905e-05	7.34334e-05	-176.358
1202.6338	11.756	7.842780279999999e-11	-6.00817e-05	1.90736e-05	6.19893e-05	170.028
1204.1583	11.76	7.845448799999999e-11	-0.00012684	3.33788e-05	0.000130654	162.96
1205.6788	11.764	7.848117319999999e-11	-9.15532e-05	-3.05178e-05	0.000100136	-160.494
1207.1336	11.768	7.85078584e-11	-0.000109673	7.62945e-06	0.00011158	176.97
1208.6049	11.772	7.85345436e-11	-8.58312e-05	-2.9564e-05	8.77385e-05	-161.16
1210.0607	11.776	7.85612288e-11	-0.00011158	-3.43325e-05	0.000107766	-161.91
1211.5469	11.78	7.8587914e-11	-0.000134469	-6.8665e-05	0.000152589	-150.252
1213.0	11.784	7.86145992e-11	-9.34605e-05	-4.86376e-05	0.000105858	-153.276
1214.721	11.788	7.86412844e-11	-0.000100136	-6.19893e-05	0.000115395	-146.4
1216.2007	11.792	7.866796959999999e-11	-6.38966e-05	-5.81744e-05	8.39238e-05	-137.19
1217.6989	11.796	7.869465479999999e-11	-6.48503e-05	-7.82018e-05	0.000103951	-127.632
1219.1863	11.8	7.872134e-11	-6.48503e-05	-0.000145913	0.000152589	-111.186
1220.7102	11.804	7.87480252e-11	-8.10628e-05	-0.000106812	0.000134469	-125.406
1222.2136	11.808	7.87747104e-11	-1.52589e-05	-8.29701e-05	8.39238e-05	-101.844
1223.7002	11.812	7.880139559999999e-11	3.91009e-05	-6.67577e-05	7.91554e-05	-60.948
1225.1975	11.816	7.88280808e-11	3.05178e-05	-8.48775e-05	8.96459e-05	-68.61
1226.6535	11.82	7.8854766e-11	4.29156e-05	-5.0545e-05	6.5804e-05	-49.146
1228.1301	11.824	7.88814512e-11	6.19893e-05	-7.82018e-05	9.91826e-05	-50.49
1229.9206	11.828	7.890813639999999e-11	3.52862e-05	-2.00273e-05	4.19619e-05	-15.708
1231.3602	11.832	7.89348216e-11	6.5804e-05	1.52589e-05	6.2943e-05	12.054
1232.8572	11.836	7.89615068e-11	4.86376e-05	2.6703e-05	5.9128e-05	22.278
1234.3646	11.84	7.8988192e-11	7.1526e-05	5.81744e-05	9.72752e-05	36.714
1235.8322	11.844	7.901487719999999e-11	4.86376e-05	8.58313e-06	4.95913e-05	14.592
1237.2851	11.848	7.90415624e-11	0.000103951	6.48503e-05	0.000123025	30.75
1238.7969	11.852	7.90682476e-11	6.10356e-05	8.20165e-05	9.91826e-05	59.634
1240.2611	11.856	7.90949328e-11	6.10356e-05	3.33788e-05	7.05724e-05	33.69
1242.0081	11.86	7.9121618e-11	3.14715e-05	7.43871e-05	8.39238e-05	54.102
1243.5124	11.864	7.91483032e-11	3.91009e-05	7.43871e-05	8.67848e-05	60.36
1245.0013	11.868	7.91749884e-11	6.38966e-05	7.72481e-05	0.000102044	46.992
1246.488	11.872	7.920167359999999e-11	7.53407e-05	5.6267e-05	9.44142e-05	42.774
1247.9436	11.876	7.922835879999999e-11	0.000102044	1.90736e-05	0.000105858	10.404
1249.4603	11.88	7.9255044e-11	8.67848e-05	-2.0981e-05	8.39238e-05	-13.698
1250.9482	11.884	7.92817292e-11	0.000104905	1.04905e-05	9.44142e-05	5.382
1252.6704	11.888	7.93084144e-11	0.000123979	4.7684e-06	0.000127793	3.228
1254.1639	11.892	7.93350996e-11	9.44142e-05	1.04905e-05	9.91826e-05	9.09
1255.6175	11.896	7.936178480000001e-11	9.44142e-05	8.58313e-06	9.72752e-05	10.476
1257.1008	11.9	7.938846999999999e-11	6.38966e-05	3.81473e-06	5.81744e-05	-8.796
1258.5781	11.904	7.941515519999999e-11	5.72207e-05	3.24252e-05	7.1526e-05	29.748
1260.3048	11.908	7.944184039999999e-11	4.29156e-05	1.90736e-06	3.91009e-05	11.31
1261.8151	11.912	7.94685256e-11	-1.62126e-05	-2.86104e-06	1.90736e-05	174.804
1263.3043	11.916	7.94952108e-11	1.04905e-05	6.67575e-06	1.04905e-05	98.97
1264.7756	11.92	7.9521896e-11	-6.67575e-06	1.23978e-05	1.52589e-05	62.526
1266.264	11.924	7.95485812e-11	-4.95913e-05	2.28883e-05	5.9128e-05	155.016
1267.7522	11.928	7.95752664e-11	-3.52862e-05	4.10082e-05	6.10356e-05	140.58
1269.2227	11.932	7.96019516e-11	-6.67577e-05	8.58313e-06	7.72481e-05	176.658
1270.6953	11.936	7.962863679999999e-11	-4.95913e-05	-3.81473e-06	4.76839e-05	176.136
1272.4228	11.94	7.965532199999999e-11	-7.82018e-05	1.71663e-05	7.53407e-05	165.468
1273.894	11.944	7.96820072e-11	-6.00817e-05	-5.72208e-06	5.53133e-05	-177.24
1275.365	11.948	7.97086924e-11	0.0	-1.90736e-06	5.72208e-06	154.98
1276.8378	11.952	7.97353776e-11	5.0545e-05	-6.19893e-05	8.39238e-05	-50.994
1278.3057	11.956	7.976206279999999e-11	1.52589e-05	-4.00546e-05	4.38693e-05	-56.07
1279.7745	11.96	7.9788748e-11	8.58313e-06	-8.20165e-05	8.01091e-05	-86.658
1281.2946	11.964	7.98154332e-11	9.91826e-05	-3.81472e-05	0.000102044	-28.272
1283.0255	11.968	7.98421184e-11	3.71935e-05	-2.9564e-05	5.24523e-05	-30.258
1284.4824	11.972	7.98688036e-11	9.72752e-05	-8.01091e-05	0.000123979	-43.008
1285.9641	11.976	7.98954888e-11	0.000123025	-7.1526e-05	0.000142098	-29.58
1287.453	11.98	7.9922174e-11	8.20165e-05	-6.8665e-05	0.00010109	-42.324
1288.9457	11.984	7.994885919999999e-11	0.000117302	-1.43052e-05	0.00011158	-13.95
1290.6714	11.988	7.997554439999999e-11	9.15532e-05	-2.3842e-05	9.34605e-05	-16.002
1292.1514	11.992	8.00022296e-11	9.25069e-05	-9.53682e-07	9.91826e-05	-1.908
1293.6155	11.996	8.00289148e-11	6.77113e-05	5.9128e-05	9.25069e-05	33.006
1295.101	12.0	8.00556e-11	5.6267e-05	5.24523e-05	7.24797e-05	45.384
1296.5686	12.004	8.00822852e-11	7.05724e-05	2.00273e-05	8.10628e-05	15.138
1298.0287	12.008	8.01089704e-11	3.81472e-05	9.72752e-05	0.000105858	71.22
1299.5434	12.012	8.01356556e-11	2.3842e-05	8.39238e-05	8.58312e-05	77.136
1300.9999	12.016	8.016234079999999e-11	2.19346e-05	7.62944e-05	7.82018e-05	75.132
1302.4845	12.02	8.018902599999999e-11	-2.76567e-05	3.62399e-05	4.76839e-05	124.314
1303.9614	12.024	8.021571119999999e-11	-1.81199e-05	4.76839e-05	4.95913e-05	117.612
1305.4475	12.028	8.02423964e-11	-5.72208e-06	3.71935e-05	3.91009e-05	121.908
1306.913	12.032	8.02690816e-11	-8.20165e-05	1.23978e-05	8.10628e-05	173.454
1308.389	12.036	8.02957668e-11	-9.05995e-05	1.90736e-05	9.72752e-05	172.686
1309.8708	12.04	8.0322452e-11	-8.67848e-05	-3.91009e-05	9.05995e-05	-157.806
1311.3493	12.044	8.03491372e-11	-9.91826e-05	-2.19346e-05	0.000102044	-165.612
1313.0873	12.048	8.037582239999999e-11	-8.86922e-05	-6.8665e-05	0.000102044	-131.538
1314.5803	12.052	8.040250759999999e-11	-9.91826e-05	-8.58312e-05	0.000125886	-138.264
1316.0322	12.056	8.042919279999999e-11	-4.86376e-05	-8.67848e-05	9.72752e-05	-119.208
1317.5337	12.06	8.0455878e-11	-6.5804e-05	-5.81744e-05	8.39238e-05	-135.0
1319.0166	12.064	8.04825632e-11	-3.81472e-05	-0.00012684	0.000132562	-108.072
1320.7836	12.068	8.05092484e-11	4.10082e-05	-0.000128747	0.000130654	-77.436
1322.2495	12.072	8.053593359999999e-11	7.1526e-05	-0.00012684	0.000143052	-55.476
1323.7411	12.076	8.05626188e-11	9.44142e-05	-0.00012684	0.000158311	-53.514
1325.1977	12.08	8.0589304e-11	8.39238e-05	-8.86922e-05	0.000127793	-44.796
1326.6509	12.084	8.061598919999999e-11	9.34605e-05	-7.05724e-05	0.000115395	-37.002
1328.109	12.088	8.064267439999999e-11	9.91826e-05	-4.48229e-05	0.000112534	-24.918
1329.5871	12.092	8.06693596e-11	0.000110627	3.81473e-06	0.00011158	0.324
1331.0666	12.096	8.06960448e-11	0.000163079	-4.19619e-05	0.000163079	-13.17
1332.8103	12.1	8.072272999999999e-11	0.000110627	5.0545e-05	0.00012684	23.088
1334.3048	12.104	8.074941519999999e-11	0.000121117	2.19346e-05	0.000129701	11.994
1335.809	12.108	8.07761004e-11	0.000108719	9.82289e-05	0.000148774	41.184
1337.3005	12.112	8.08027856e-11	9.53679e-05	9.25069e-05	0.000134469	45.984
1338.7581	12.116	8.08294708e-11	9.44142e-05	8.77385e-05	0.000127793	42.678
1340.2079	12.12	8.0856156e-11	9.15532e-05	7.43871e-05	0.000115395	41.718
1341.676	12.124	8.08828412e-11	8.39238e-05	4.38693e-05	9.34605e-05	30.048
1343.4114	12.128	8.090952639999999e-11	6.48503e-05	0.000110627	0.000127793	62.1
1344.9132	12.132	8.093621159999999e-11	9.34605e-05	9.91826e-05	0.000140191	41.16
1346.3819	12.136	8.096289679999999e-11	8.96459e-05	8.77385e-05	0.000125886	43.926
1347.8518	12.14	8.0989582e-11	5.72207e-05	5.72207e-05	8.58312e-05	49.26
1349.3771	12.144	8.10162672e-11	6.67577e-05	7.72481e-05	9.91826e-05	53.598
1351.1189	12.148	8.10429524e-11	0.00011158	2.9564e-05	0.000122071	11.13
1352.618	12.152	8.10696376e-11	7.05724e-05	1.04905e-05	6.96187e-05	11.202
1354.1111	12.156	8.109632279999999e-11	3.52862e-05	-7.62945e-06	3.52862e-05	-9.294
1355.5633	12.16	8.112300799999999e-11	3.91009e-05	2.86104e-06	3.81472e-05	5.016
1357.084	12.164	8.114969319999999e-11	-1.14442e-05	-2.86104e-06	4.7684e-06	-95.712
1358.5886	12.168	8.117637839999999e-11	1.52589e-05	-2.47956e-05	2.9564e-05	-57.03
1360.0911	12.172	8.12030636e-11	-1.33515e-05	-3.81473e-06	1.62126e-05	-167.472
1361.5945	12.176	8.12297488e-11	-5.6267e-05	-4.57766e-05	7.62944e-05	-128.13
1363.3705	12.18	8.1256434e-11	-5.81744e-05	-4.29156e-05	6.77113e-05	-140.988
1364.833	12.184	8.12831192e-11	-4.48229e-05	-6.19893e-05	7.1526e-05	-121.056
1366.3395	12.188	8.13098044e-11	-8.77385e-05	-6.19893e-05	0.000105858	-141.006
1367.8156	12.192	8.13364896e-11	-5.81744e-05	-6.48503e-05	8.77385e-05	-131.346
1369.3103	12.196	8.136317479999999e-11	-6.8665e-05	-2.0981e-05	6.8665e-05	-154.416
1370.7982	12.2	8.138985999999999e-11	-8.58313e-06	-5.53133e-05	5.53133e-05	-98.226
1372.2762	12.204	8.14165452e-11	-2.86104e-06	-8.48775e-05	8.39238e-05	-87.762
1373.998	12.208	8.14432304e-11	-4.19619e-05	-2.9564e-05	4.95913e-05	-143.13
1375.4759	12.212	8.14699156e-11	2.3842e-05	-5.3406e-05	5.9128e-05	-58.812
1376.962	12.216	8.149660079999999e-11	1.90736e-05	-6.19893e-05	6.5804e-05	-79.794
1378.4324	12.22	8.1523286e-11	4.10082e-05	-4.48229e-05	6.00817e-05	-37.65
1379.9532	12.224	8.15499712e-11	2.3842e-05	-5.14986e-05	5.53133e-05	-72.648
1381.6724	12.228	8.15766564e-11	2.86103e-05	-2.28883e-05	3.52862e-05	-40.236
1383.1512	12.232	8.160334159999999e-11	2.57493e-05	-1.14442e-05	2.9564e-05	-8.838
1384.6472	12.236	8.16300268e-11	6.10356e-05	-3.14715e-05	6.38966e-05	-20.994
1386.1038	12.24	8.1656712e-11	2.57493e-05	-2.47956e-05	3.62399e-05	-49.29
1387.5971	12.244	8.168339719999999e-11	-2.19346e-05	1.23978e-05	2.57493e-05	142.002
1389.0674	12.248	8.171008239999999e-11	4.48229e-05	6.00817e-05	7.24797e-05	46.548
1390.5193	12.252	8.17367676e-11	2.19346e-05	2.47956e-05	3.71935e-05	41.55
1392.0241	12.256	8.17634528e-11	1.04905e-05	-2.6703e-05	2.6703e-05	-61.392
1393.7499	12.26	8.1790138e-11	2.86103e-05	6.67575e-06	3.24252e-05	7.968
1395.2158	12.264	8.18168232e-11	5.43597e-05	4.19619e-05	7.1526e-05	33.69
1396.7066	12.268	8.18435084e-11	6.67575e-06	4.86376e-05	5.0545e-05	75.966
1398.1819	12.272	8.187019359999999e-11	4.76839e-05	2.6703e-05	5.53133e-05	33.876
1399.633	12.276	8.189687879999999e-11	3.71935e-05	7.24797e-05	8.29701e-05	55.662
1401.1256	12.28	8.192356399999999e-11	9.5368e-06	4.86376e-05	5.0545e-05	84.144
1402.596	12.284	8.19502492e-11	1.33515e-05	5.9128e-05	6.38966e-05	75.402
1404.3397	12.288	8.19769344e-11	-1.90736e-06	8.58313e-06	1.04905e-05	110.556
1405.8264	12.292	8.20036196e-11	-4.48229e-05	1.52589e-05	4.76839e-05	171.312
1407.3284	12.296	8.20303048e-11	-4.86376e-05	3.14715e-05	6.2943e-05	152.19
1408.8327	12.3	8.205699e-11	-6.8665e-05	1.04905e-05	6.19893e-05	163.968
1410.3049	12.304	8.208367519999999e-11	-0.000105858	-4.67303e-05	0.000118256	-157.308
1412.0632	12.308	8.211036039999999e-11	-6.67577e-05	-4.38693e-05	7.24797e-05	-141.168
1413.535	12.312	8.213704559999999e-11	-0.000120163	-4.00546e-05	0.000132562	-168.576
1415.0189	12.316	8.21637308e-11	-0.000117302	-3.05178e-05	0.000118256	-161.052
1416.4884	12.32	8.2190416e-11	-9.91826e-05	-5.53133e-05	0.000112534	-145.938
1417.9485	12.324	8.22171012e-11	-0.000106812	-4.95913e-05	0.000121117	-151.392
1419.6704	12.328	8.22437864e-11	-9.63216e-05	-5.6267e-05	0.000105858	-150.984
1421.1463	12.332	8.22704716e-11	-7.62944e-05	-7.91554e-05	0.000110627	-134.274
1422.6316	12.336	8.22971568e-11	-5.9128e-05	-4.76839e-05	7.72481e-05	-140.07
1424.3755	12.34	8.2323842e-11	-6.19893e-05	-7.1526e-05	8.58312e-05	-119.568
1425.8565	12.344	8.235052719999999e-11	-1.33515e-05	-6.67577e-05	6.77113e-05	-108.972
1427.3191	12.348	8.23772124e-11	-1.04905e-05	-0.000104905	0.000103951	-96.3
1428.7737	12.352	8.24038976e-11	2.6703e-05	-6.10356e-05	7.05724e-05	-58.77
1430.2462	12.356	8.24305828e-11	4.76839e-05	-9.72752e-05	0.000109673	-62.052
1431.9496	12.36	8.245726799999999e-11	8.58313e-06	-3.14715e-05	3.52862e-05	-59.382
1433.4439	12.364	8.24839532e-11	2.19346e-05	-8.58312e-05	8.77385e-05	-81.096
1434.9317	12.368	8.25106384e-11	-1.43052e-05	-6.19893e-05	6.38966e-05	-92.922
1436.4021	12.372	8.25373236e-11	3.71935e-05	-4.67303e-05	6.19893e-05	-45.852
1437.8686	12.376	8.25640088e-11	3.05178e-05	-2.6703e-05	4.38693e-05	-41.424
1439.3372	12.38	8.2590694e-11	2.00273e-05	-7.34334e-05	7.82018e-05	-65.154
1440.8252	12.384	8.26173792e-11	-9.5368e-06	6.67575e-06	1.04905e-05	101.31
1442.5663	12.388	8.264406439999999e-11	-1.62126e-05	-4.00546e-05	3.71935e-05	-114.078
1444.0621	12.392	8.267074959999999e-11	3.52862e-05	2.0981e-05	3.91009e-05	35.31
1445.5493	12.396	8.26974348e-11	1.90736e-06	4.10082e-05	4.38693e-05	83.658
1447.0173	12.4	8.272412e-11	-1.71663e-05	1.62126e-05	2.57493e-05	135.0
1448.5037	12.404	8.27508052e-11	-4.7684e-06	-2.86104e-06	9.53682e-07	45.0
1449.9951	12.408	8.27774904e-11	-4.19619e-05	3.62399e-05	5.43597e-05	133.062
1451.4663	12.412	8.280417560000001e-11	-4.57766e-05	-1.04905e-05	3.43325e-05	-172.236
1452.9516	12.416	8.283086079999999e-11	-3.05178e-05	-1.23978e-05	3.24252e-05	-154.44
1454.6896	12.42	8.285754599999999e-11	0.0	-6.48503e-05	6.19893e-05	-106.956
1456.1974	12.424	8.288423119999999e-11	-1.62126e-05	-2.28883e-05	2.47956e-05	-126.252
1457.6687	12.428	8.29109164e-11	-2.0981e-05	-6.8665e-05	7.62944e-05	-115.692
1459.1731	12.432	8.29376016e-11	-8.86922e-05	-6.77113e-05	0.000112534	-141.132
1460.6287	12.436	8.29642868e-11	-1.90736e-05	-5.81744e-05	6.19893e-05	-116.562
1462.0783	12.44	8.2990972e-11	-5.81744e-05	-9.91826e-05	0.000115395	-122.418
1463.539	12.444	8.30176572e-11	-1.62126e-05	-7.43871e-05	7.53407e-05	-103.182
1465.0094	12.448	8.30443424e-11	-6.00817e-05	-5.81744e-05	8.10628e-05	-130.398
1466.4962	12.452	8.307102759999999e-11	-9.15532e-05	-6.77113e-05	0.000104905	-141.57
1467.9697	12.456	8.309771279999999e-11	-9.15532e-05	-8.20165e-05	0.000123025	-141.39
1469.4669	12.46	8.3124398e-11	-6.96187e-05	-7.43871e-05	9.72752e-05	-132.942
1470.9246	12.464	8.31510832e-11	-7.82018e-05	-3.71935e-05	7.91554e-05	-153.876
1472.667	12.468	8.31777684e-11	-0.000123979	-6.2943e-05	0.000134469	-151.758
1474.1581	12.472	8.320445359999999e-11	-6.2943e-05	-6.48503e-05	8.67848e-05	-135.0
1475.6238	12.476	8.32311388e-11	-8.96459e-05	-9.34605e-05	0.000129701	-135.204
1477.1008	12.48	8.3257824e-11	-9.53679e-05	-4.95913e-05	0.000105858	-154.41
1478.5708	12.484	8.32845092e-11	-6.67577e-05	-6.96187e-05	8.96459e-05	-130.314
1480.3274	12.488	8.33111944e-11	-8.01091e-05	-0.000107766	0.000132562	-122.25
1481.8124	12.492	8.33378796e-11	-4.00546e-05	-6.48503e-05	7.24797e-05	-120.87
1483.3008	12.496	8.33645648e-11	-2.00273e-05	-2.00273e-05	2.57493e-05	-129.288
1485.0455	12.5	8.339125e-11	-9.5368e-06	-5.14986e-05	5.53133e-05	-102.456
1486.5141	12.504	8.341793519999999e-11	2.00273e-05	-6.48503e-05	6.5804e-05	-74.292
1487.9838	12.508	8.344462039999999e-11	9.5368e-06	-0.000100136	9.91826e-05	-81.762
1489.488	12.512	8.34713056e-11	-3.81473e-06	-8.29701e-05	8.39238e-05	-95.796
1490.9615	12.516	8.34979908e-11	-1.62126e-05	-8.20165e-05	7.91554e-05	-95.514
1492.7064	12.52	8.3524676e-11	6.77113e-05	-9.15532e-05	0.000110627	-52.434
1494.1946	12.524	8.35513612e-11	4.19619e-05	-8.67848e-05	8.86922e-05	-62.82
1495.6598	12.528	8.35780464e-11	7.62944e-05	-6.67577e-05	9.72752e-05	-41.634
1497.1643	12.532	8.360473159999999e-11	4.10082e-05	-5.3406e-05	6.67577e-05	-53.472
1498.6719	12.536	8.363141679999999e-11	8.67848e-05	-4.19619e-05	9.63216e-05	-28.164
1500.1231	12.54	8.365810199999999e-11	4.76839e-05	-4.86376e-05	6.48503e-05	-48.318
1501.6149	12.544	8.36847872e-11	5.0545e-05	-2.76567e-05	6.00817e-05	-31.608
1503.3589	12.548	8.37114724e-11	3.91009e-05	-1.62126e-05	4.38693e-05	-18.972
1504.805	12.552	8.37381576e-11	3.05178e-05	-3.43325e-05	3.91009e-05	-60.252
1506.2828	12.556	8.37648428e-11	5.14986e-05	-4.48229e-05	6.5804e-05	-45.408
1507.7328	12.56	8.3791528e-11	5.0545e-05	9.5368e-06	5.14986e-05	9.462
1509.2274	12.564	8.381821319999999e-11	2.0981e-05	-4.48229e-05	4.38693e-05	-59.034
1510.9701	12.568	8.384489839999999e-11	9.53679e-05	-4.10082e-05	0.000103951	-26.73
1512.4418	12.572	8.387158359999999e-11	9.05995e-05	-6.48503e-05	0.00011158	-38.232
1513.9128	12.576	8.38982688e-11	9.72752e-05	-9.63216e-05	0.000136376	-43.452
1515.6399	12.58	8.3924954e-11	0.000185967	-5.3406e-05	0.000196458	-14.832
1517.1374	12.584	8.39516392e-11	0.000200273	-6.48503e-05	0.000205995	-17.958
1518.5987	12.588	8.397832439999999e-11	0.000252726	-5.3406e-05	0.00025654	-12.012
1520.0948	12.592	8.40050096e-11	0.000327112	-4.76839e-05	0.000326158	-8.478
1521.5868	12.596	8.40316948e-11	0.000391008	-7.53407e-05	0.00040436	-10.866
1523.0366	12.6	8.405837999999999e-11	0.000447275	-1.43052e-05	0.000449182	-2.034