X 	 Y 	 R 	 theta 
#With Preamplifier, ZnTe detector angle dependance 40deg, Chopper 230Hz, time constant=0.3s 18dB, waiting time= 1s, sensitivity=20mV, position 11.0085mm
0.0070782	0.00615409	0.00944144	40.848
0.00776485	0.00672534	0.0102759	40.884
0.00783736	0.00675395	0.0103465	40.752
0.00779346	0.00673869	0.0103026	40.854
0.00780395	0.00676921	0.0103322	40.938
0.00778201	0.00677016	0.010316	41.016
0.00778964	0.00674155	0.0103016	40.872
0.00780204	0.0067549	0.0103198	40.896
0.00781637	0.00675586	0.0103312	40.848
0.00779632	0.00676635	0.0103217	40.962
0.00777629	0.00672343	0.0102788	40.848
0.00776866	0.00667003	0.0102387	40.644
0.00773624	0.00670722	0.0102387	40.938
0.00776675	0.00670817	0.0102616	40.818
0.00772861	0.00666907	0.0102082	40.794
0.00775149	0.00671008	0.0102559	40.89
0.00782973	0.00679591	0.0103694	40.944
0.0077782	0.00674346	0.010294	40.92
0.00778964	0.00673583	0.0102978	40.848
0.00774673	0.00672153	0.0102568	40.956
0.0077534	0.00672629	0.0102645	40.938
0.00777343	0.0067282	0.0102816	40.878
0.0077782	0.00672725	0.0102845	40.854
0.00777724	0.00675586	0.0103036	40.968
0.00780204	0.00673679	0.0103074	40.812
0.00775054	0.00667194	0.0102254	40.734
0.00775149	0.00670245	0.0102492	40.854
0.00783926	0.00675014	0.0103455	40.728
0.00779536	0.00672725	0.0102978	40.794
0.00778869	0.00673679	0.0102988	40.866
0.00782305	0.00679687	0.0103608	40.992
0.00779155	0.0067158	0.0102864	40.758
0.00780013	0.0067282	0.0103007	40.782
0.00778869	0.00674537	0.0103026	40.89
0.00777152	0.00669864	0.0102606	40.764
0.00780204	0.00677398	0.010335	40.962
0.00784498	0.00679496	0.0103799	40.896
0.00784498	0.00680736	0.0103875	40.95
0.00777343	0.00678352	0.0103169	41.106
0.00781447	0.00677779	0.0103446	40.932
0.00778392	0.00680068	0.0103369	41.142
0.00779727	0.00677016	0.0103284	40.956
0.00780395	0.00676158	0.0103245	40.902
0.00782591	0.00679401	0.0103665	40.95
0.00787073	0.00685504	0.010438	41.064
0.00780013	0.0067921	0.0103427	41.04
0.0074921	0.00644305	0.00986487	40.716
0.00726321	0.00617221	0.00953585	40.344
0.00768378	0.00662425	0.0101538	40.752
0.0077658	0.00675681	0.010294	41.022
0.00777343	0.00670913	0.0102683	40.788
0.00775436	0.00670722	0.0102521	40.878
0.00775722	0.00673202	0.010274	40.938
0.00773433	0.00665572	0.0101901	40.74
0.00741675	0.0063515	0.00975996	40.572
0.00732425	0.00617126	0.00956923	40.116
0.00474456	0.003747	0.00596049	38.544
0.00327493	0.00251104	0.00413421	37.422
0.00390723	0.00296308	0.00493148	36.99
0.00448707	0.0032282	0.00554088	35.658
0.00483802	0.00339223	0.00591663	35.004
0.00506213	0.00347044	0.0061579	34.41
0.00447658	0.00329305	0.0055714	36.366
0.00662807	0.00553611	0.00868994	39.744
0.00733474	0.00617126	0.00960261	40.05
0.00759414	0.00641444	0.00994498	40.164
0.00762179	0.00639156	0.00993735	40.002
0.00725463	0.00607017	0.00945002	39.942
0.0074425	0.00623801	0.00972086	39.948
0.00761321	0.00642017	0.0099631	40.146
0.00756934	0.00638011	0.00989729	40.146
0.00751403	0.00634483	0.00983435	40.188
0.00754169	0.00638488	0.00988394	40.248
0.00754645	0.00636104	0.0098601	40.128
0.00738528	0.00616458	0.00961596	39.87
0.00724414	0.00590423	0.00933272	39.15
0.00651267	0.00473407	0.00801188	36.006
0.00599959	0.00421622	0.0073767	35.07
0.00682166	0.00521377	0.00860411	37.386
0.00725749	0.00573352	0.00926119	38.298
0.00745681	0.0059233	0.00952345	38.454
0.0074158	0.0058842	0.00946623	38.43
0.00708106	0.00549796	0.00894743	37.854
0.00705531	0.00574592	0.00910956	39.21
0.00715259	0.00605014	0.00936896	40.218
0.00716403	0.00603488	0.009368	40.104
0.00721934	0.00602534	0.00940138	39.828
0.00732997	0.006156	0.00959116	40.026
0.00769141	0.00659469	0.0101367	40.608
0.00770667	0.00662807	0.0101653	40.698
0.00772765	0.00660709	0.01017	40.518
0.0077267	0.00656608	0.0101367	40.356
0.00747779	0.00625423	0.00974184	39.912
0.00740817	0.00619414	0.00965887	39.912
0.00735953	0.00613025	0.00957114	39.798
0.00727275	0.0060387	0.00945383	39.708
0.0072594	0.00602821	0.00943571	39.696
0.0072346	0.00602916	0.00941473	39.816
0.00734809	0.00612643	0.00957876	39.816
0.00765041	0.0064688	0.010026	40.206
0.00770667	0.00652125	0.0100947	40.23
0.00770381	0.006506	0.0100842	40.188
0.007741	0.00653747	0.0101328	40.188
0.0077143	0.00656226	0.0101271	40.392
0.00772861	0.0065718	0.0101462	40.356
0.00759891	0.00638965	0.00990969	40.08
0.00724128	0.00606731	0.00944239	39.972
0.00715068	0.00591472	0.0092631	39.6
0.00452331	0.00352766	0.0056763	38.07
0.00362302	0.0028782	0.00461963	38.502
0.00352575	0.00282671	0.00451854	38.718
0.0033064	0.00319768	0.00460055	44.07
0.00143338	0.00150872	0.00201418	47.484
0.000222207	0.000534061	0.000597958	65.31
0.00276949	0.00230695	0.00366499	39.276
0.00348951	0.00275041	0.00445083	38.196
0.00351717	0.00280096	0.0044966	38.538
0.00365449	0.00281049	0.0046263	37.434
0.00360967	0.00275613	0.0045338	37.386
0.00428584	0.00300981	0.00525764	35.022
0.00637153	0.00508884	0.00820261	38.562
0.00684837	0.00546363	0.0087567	38.568
0.00673202	0.00531676	0.00858694	38.31
0.00690845	0.00560859	0.00890452	39.078
0.00700095	0.00560859	0.00897795	38.688
0.00734141	0.00600055	0.00948721	39.27
0.00722221	0.00586417	0.00928313	39.102
0.00699809	0.00576213	0.00906473	39.468
0.00692943	0.00562289	0.00892264	39.054
0.0068951	0.00560382	0.00888544	39.102
0.00694945	0.00564483	0.00895506	39.078
0.00697902	0.00566009	0.00898558	39.042
0.00694755	0.00565818	0.00895792	39.162
0.00696948	0.00569728	0.00900275	39.24
0.00699809	0.00564674	0.0089913	38.91
0.0069733	0.00567535	0.00899225	39.138
0.00701335	0.00578311	0.0090943	39.51
0.00710014	0.00589183	0.0092259	39.69
0.00710014	0.00589851	0.00922972	39.726
0.00693324	0.00569156	0.00896651	39.39
0.00689605	0.00561622	0.00889403	39.168
0.00685504	0.00561622	0.00886256	39.324
0.00695422	0.00568965	0.00898367	39.282
0.00684837	0.00560096	0.00884634	39.27
0.00687793	0.00558475	0.0088616	39.084
0.00698474	0.00572208	0.00903422	39.312
0.00696948	0.00571826	0.00901324	39.384
0.00693515	0.0056639	0.00895315	39.24
0.0069218	0.0056763	0.00895125	39.354
0.00664237	0.00523856	0.00838286	38.37
0.00579265	0.00440696	0.00732806	37.206
0.0067921	0.00541499	0.00869852	38.562
0.00697997	0.00571826	0.00902849	39.342
0.00702479	0.00588515	0.00916392	39.96
0.00708202	0.0059748	0.00926977	40.134
0.00695804	0.00565913	0.00896269	39.096
0.00660422	0.00505832	0.00832945	37.458
0.00687602	0.00543025	0.00875193	38.286
0.00579551	0.00416759	0.00708678	35.766
0.00432971	0.00302507	0.00515559	35.49
0.000667576	0.000509266	0.000786785	38.4
-1.62126e-05	-4.29156e-05	4.76839e-05	-115.89
-7.91554e-05	-5.53133e-05	9.34605e-05	-147.69
0.000509266	0.000887875	0.00110341	55.692
0.00314142	0.00244237	0.00400737	37.686
0.00352956	0.0026703	0.00442794	37.062
0.00361063	0.00273992	0.00454333	37.248
0.00377275	0.00308229	0.00487426	39.282
0.00374891	0.00297834	0.00477889	38.418
0.00350763	0.00266553	0.00439361	37.212
0.0018158	0.00171757	0.00243475	44.64
0.000980385	0.00149442	0.00179482	56.832
0.00167466	0.00206853	0.00272085	49.32
0.00549033	0.004509	0.00720218	39.132
0.00676253	0.00556663	0.00876909	39.444
0.00687221	0.00564387	0.00889307	39.396
0.00682643	0.0056105	0.00883394	39.444
0.00687411	0.00572017	0.00894552	39.756
0.00682071	0.00572112	0.0089007	39.99
0.00683978	0.00569823	0.00890356	39.798
0.00683787	0.00573352	0.00892264	39.978
0.00678065	0.00568679	0.00885206	39.99
0.00716022	0.00612739	0.00943857	40.536
0.00734714	0.00631335	0.00968653	40.668
0.00728038	0.00619701	0.00955874	40.404
0.00734809	0.00628093	0.00967413	40.512
0.00732806	0.0062609	0.00963408	40.518
0.00723079	0.00612071	0.00947195	40.254
0.00717452	0.00606349	0.00939184	40.188
0.00718024	0.00599673	0.0093556	39.864
0.00718597	0.00601009	0.009368	39.918
0.00723937	0.00604823	0.00943667	39.876
0.00720027	0.00605872	0.00935942	40.23
0.00461772	0.0044575	0.00639918	44.436
0.00400928	0.00400546	0.00563625	44.868
0.00370122	0.00314046	0.00485042	40.278
0.0056372	0.00470546	0.00742152	39.6
0.00711825	0.00584033	0.00921732	39.348
0.00716975	0.00582126	0.00923544	39.06
0.00713542	0.00575164	0.00916678	38.868
0.00714019	0.00572589	0.00915247	38.718
0.00721458	0.00585178	0.00929648	39.072
0.00726512	0.00603011	0.00943667	39.714
0.00722602	0.00601485	0.00939852	39.78
0.00720027	0.00602344	0.00939184	39.912
0.00719932	0.00602916	0.00938803	39.954
0.00716594	0.00601295	0.0093556	39.996
0.00721171	0.00598434	0.00937277	39.69
0.00725558	0.00604156	0.00944239	39.786
0.00724223	0.00606826	0.00944906	39.966
0.00670531	0.00541118	0.0085879	38.91
0.00622466	0.00480369	0.00785547	37.65
0.00611404	0.00467303	0.00769332	37.404
0.00607875	0.00464538	0.00765136	37.398
0.00620273	0.00473216	0.00781062	37.326
0.00668147	0.00534156	0.00857645	38.646
0.00709537	0.00590423	0.00923735	39.762
0.00716212	0.00596812	0.00932318	39.804
0.00717738	0.00600532	0.00935942	39.93
0.00722125	0.00607589	0.00944144	40.062
0.00724509	0.00613502	0.00949389	40.26
0.00724128	0.00609496	0.00946623	40.08
0.00738147	0.00626662	0.00968844	40.32
0.00744918	0.0062876	0.00974852	40.17
0.00751022	0.00642684	0.00988775	40.554
0.00742438	0.0063	0.00973612	40.314
0.00730327	0.00610259	0.00951391	39.87
0.00736716	0.00619224	0.00962263	40.056
0.00734618	0.0062075	0.00961787	40.2
0.00732711	0.00617316	0.00958163	40.122
0.00731185	0.00621131	0.00959402	40.356
0.0072985	0.00619414	0.00957209	40.32
0.00733283	0.00623325	0.00962454	40.368
0.00735286	0.00623515	0.00964361	40.29
0.00732806	0.00617316	0.00958258	40.11
0.00725368	0.00615028	0.00951201	40.29
0.00732425	0.0062075	0.00959975	40.278
0.0073128	0.00619796	0.00958639	40.266
0.00724605	0.00611404	0.00948054	40.158
0.00722411	0.00609019	0.00944716	40.134
0.00720599	0.00604251	0.00940424	39.984
0.00722316	0.00607017	0.00943571	40.05
0.00723556	0.00615218	0.00949866	40.38
0.00721934	0.00609496	0.0094462	40.17
0.00724795	0.00611213	0.00948054	40.14
0.00722602	0.00610164	0.00945956	40.182
0.00722602	0.00612834	0.00947577	40.314
0.00734141	0.00620654	0.00961787	40.182
0.00722221	0.0060406	0.00940806	39.918
0.00715545	0.00597289	0.00931746	39.864
0.00705817	0.00588897	0.00919348	39.828
0.00708011	0.0058842	0.00920779	39.726
0.00714019	0.00594047	0.00929075	39.756
0.00715259	0.00596049	0.00931174	39.81
0.00718978	0.00598338	0.00935274	39.786
0.00717643	0.00603965	0.00938326	40.086
0.00718024	0.00614646	0.00945383	40.59
0.00715354	0.00612643	0.00941092	40.602
0.00725749	0.00625613	0.00960451	40.752
0.00757411	0.00656131	0.0100232	40.896
0.00719073	0.00611404	0.00942427	40.386
0.00721744	0.00619319	0.00951582	40.626
0.00720122	0.00619605	0.00950247	40.71
0.00717738	0.00620177	0.0094834	40.818
0.00718597	0.00615886	0.00946623	40.602
0.00722316	0.00618747	0.0095101	40.584
0.00721171	0.00618556	0.00950247	40.626
0.00720504	0.00619891	0.00950152	40.71
0.00724509	0.00620273	0.00953871	40.56
0.00720218	0.00614169	0.00946242	40.476
0.00753406	0.00656703	0.010006	41.088
0.00767806	0.00674537	0.0102244	41.298
0.00771049	0.00674823	0.0102473	41.178
0.00773051	0.0067406	0.010254	41.112
0.0076485	0.00671199	0.0101805	41.262
0.00775722	0.00680354	0.0103207	41.256
0.00772479	0.00676158	0.0102645	41.202
0.00776485	0.00680068	0.0103284	41.202
0.00780299	0.00685599	0.0103865	41.298
0.00785166	0.00683978	0.0104151	41.064
0.00782019	0.00686267	0.0104027	41.274
0.00780013	0.00683597	0.0103694	41.232
0.00780872	0.00681022	0.0103617	41.082
0.00780967	0.00685981	0.010397	41.304
0.00782019	0.00691798	0.0104399	41.496
0.00783354	0.00690845	0.0104447	41.412
0.00780872	0.00688842	0.0104113	41.412
0.00778201	0.00682548	0.0103512	41.268
0.00777915	0.0067921	0.0103274	41.112
0.00780872	0.00679782	0.0103503	41.052
0.0077534	0.0067549	0.0102845	41.064
0.00777343	0.00680545	0.0103312	41.19
0.00780681	0.00681213	0.0103608	41.106
0.00783926	0.00681213	0.0103865	40.998
0.00786501	0.00689319	0.0104552	41.238
0.00780872	0.00687602	0.0104075	41.364
0.00786597	0.00690177	0.0104657	41.268
0.00782973	0.00687411	0.010418	41.274
0.00775531	0.00678733	0.0103007	41.202
0.00773242	0.00675109	0.0102683	41.136
0.00762942	0.00663093	0.0100985	40.986
0.00762466	0.00656703	0.0100594	40.746
0.00754645	0.00649455	0.00995451	40.716
0.00779155	0.00671771	0.0103007	40.77
0.00793654	0.00691417	0.0105267	41.076
0.00803572	0.00710014	0.010726	41.454
0.00808245	0.00713065	0.0107813	41.418
0.00790793	0.00697616	0.0105372	41.436
0.0079518	0.00697139	0.0105782	41.226
0.0079928	0.00702479	0.0106402	41.328
0.00800997	0.00705817	0.0106784	41.388
0.0079394	0.00696948	0.0105506	41.268
0.00784212	0.00689223	0.0104418	41.31
0.00786501	0.00693133	0.0104838	41.382
0.00782019	0.00681403	0.0103722	41.07
0.00788695	0.00687602	0.0104657	41.094
0.00791937	0.00694278	0.0105286	41.238
0.00784308	0.00690082	0.0104466	41.352
0.00775722	0.00675777	0.0102711	41.082
0.00751498	0.00656226	0.00997454	41.142
0.00751117	0.00655082	0.00996691	41.088
0.00755695	0.00659373	0.0100279	41.118
0.00760558	0.00664333	0.01011	41.118
0.00785452	0.00695708	0.0104972	41.538
0.00788409	0.00694469	0.0105038	41.376
0.00781158	0.00687125	0.0104008	41.334
0.00777152	0.00679305	0.0103207	41.154
0.00772861	0.00674251	0.0102559	41.106
0.00776103	0.00682071	0.0103331	41.31
0.00775149	0.00677684	0.0102959	41.166
0.00772479	0.00679782	0.0102893	41.352
0.00765422	0.00669292	0.0101672	41.172
0.00767329	0.00672057	0.0102006	41.196
0.00769046	0.00669006	0.010192	41.004
0.00769427	0.00668719	0.0101967	40.992
0.00777152	0.00680736	0.0103331	41.22
0.00780776	0.00686267	0.0103942	41.322
0.00780681	0.00688556	0.0104066	41.412
0.00775149	0.00681022	0.0103198	41.304
0.00776485	0.00682452	0.0103293	41.328
0.00768855	0.0067282	0.0102158	41.178
0.00770763	0.00672057	0.0102273	41.082
0.00774863	0.00677016	0.0102921	41.148
0.00767139	0.00671867	0.0101958	41.208
0.00767329	0.00672057	0.0102025	41.214
0.00766185	0.00668624	0.0101634	41.118
0.00761989	0.00661948	0.0100957	40.974
0.00767997	0.00665763	0.0101662	40.92
0.00769141	0.00668529	0.010191	40.992
0.00768951	0.00668147	0.0101872	41.004
0.00774768	0.0067406	0.010274	41.004
0.00774768	0.00679877	0.0103064	41.274
0.00748733	0.00649169	0.00983721	40.968
0.00431159	0.00326158	0.00534728	37.2
0.00365068	0.0025921	0.0044699	35.394
0.00707915	0.00616935	0.00945383	40.956
0.00785929	0.00680068	0.0103999	40.866
0.00787264	0.00686458	0.0104466	41.088
0.00789076	0.00684741	0.0104457	40.956
0.00789553	0.00687411	0.0104666	41.058
0.00582126	0.00495723	0.00757125	40.686
0.00445369	0.00363351	0.00580218	39.042
0.00458053	0.00358106	0.00576404	38.118
0.0037737	0.00279237	0.00468543	36.48
0.00408462	0.003047	0.00509074	36.75
0.00561622	0.00462821	0.00739005	39.27
0.00464824	0.00354578	0.00579551	37.422
0.00605491	0.00504211	0.00796419	39.618
0.00758651	0.00662807	0.0101042	41.088
0.00694373	0.00600055	0.00905806	41.16
0.00449851	0.00414565	0.00613406	42.606
0.00546172	0.00487426	0.00727275	41.898
0.00680068	0.00603202	0.00916392	41.322
0.00764754	0.0066748	0.0101557	41.1
0.00767997	0.00676444	0.0102349	41.376
0.00769809	0.0067654	0.0102482	41.304
0.00765803	0.00669292	0.01017	41.16
0.00767902	0.00673297	0.0102149	41.256
0.00766566	0.00673011	0.0102015	41.274
0.00771144	0.00673679	0.0102406	41.136
0.00773337	0.00678161	0.0102873	41.256
0.00771049	0.00679114	0.010274	41.388
0.00769332	0.00669959	0.010192	41.04
0.00730613	0.00626567	0.00961405	40.638
0.00713065	0.00608352	0.00936896	40.476
0.0070391	0.00600818	0.00925928	40.494
0.00709918	0.00605014	0.00933272	40.434
0.00726512	0.00621513	0.00955874	40.554
0.00712684	0.0061045	0.00938135	40.59
0.00713161	0.00617412	0.00943381	40.89
0.00714591	0.00617602	0.0094462	40.842
0.0049763	0.00394633	0.00625423	38.712
0.00381376	0.00305749	0.00488761	38.796
0.0038109	0.00311758	0.0049248	39.246
0.00385572	0.00315954	0.00498584	39.33
0.00391391	0.00317289	0.0050402	39.042
0.00378706	0.00307752	0.00487617	39.132
0.00381757	0.00306989	0.00489905	38.79
0.00377657	0.0030451	0.00485042	38.874
0.00385095	0.00311853	0.00496009	39.0
0.00392726	0.00319864	0.00506404	39.174
0.00409415	0.00334169	0.00535682	38.988
0.00690559	0.00594142	0.00916678	40.578
0.00740531	0.00642017	0.00980383	40.914
0.00748447	0.00653175	0.00993448	41.124
0.0074921	0.00656417	0.00996405	41.232
0.00748542	0.00659278	0.00997454	41.358
0.00752833	0.00660422	0.0100108	41.244
0.00733283	0.00631717	0.00967318	40.74
0.00733951	0.00629428	0.00967413	40.62
0.00764182	0.00663665	0.0101395	40.962
0.00793558	0.00699905	0.0105858	41.406
0.00799757	0.00704578	0.0106583	41.376
0.00802904	0.00707439	0.010706	41.382
0.00805384	0.00706294	0.0107098	41.256
0.00805479	0.00709823	0.0107375	41.4
0.00805002	0.00710967	0.0107394	41.442
0.00803381	0.00708202	0.0107108	41.406
0.00804526	0.00709823	0.010727	41.424
0.0080052	0.00708678	0.0106927	41.514
0.00808722	0.00715545	0.0107985	41.508
0.0080815	0.00714019	0.0107794	41.454
0.0079127	0.00692275	0.0105057	41.19
0.00781828	0.00680259	0.0103627	41.01
0.00779536	0.00673106	0.0102997	40.812
0.00776866	0.00671962	0.0102711	40.878
0.00773814	0.00671008	0.0102425	40.926
0.00776008	0.00670722	0.0102587	40.836
0.00779727	0.00673679	0.0103045	40.83
0.00778773	0.00673679	0.0102978	40.86
0.00777534	0.006753	0.010294	40.992
0.00772002	0.00671676	0.0102349	41.022
0.00779918	0.00681594	0.0103579	41.148
0.00776485	0.00677398	0.0103074	41.106
0.00782305	0.00680068	0.0103665	40.998
0.00780395	0.00676349	0.0103245	40.914
0.0077267	0.00673392	0.0102492	41.076
0.00769141	0.0066748	0.0101863	40.95
0.00771144	0.00671199	0.0102215	41.034
0.00769904	0.00666621	0.0101872	40.878
0.00774673	0.00671676	0.010254	40.932
0.00771335	0.00670055	0.0102139	40.98
0.00771716	0.00667098	0.0102044	40.836
0.00776008	0.00671771	0.0102635	40.902
0.00772479	0.00670436	0.0102292	40.962
0.0077267	0.00669673	0.0102254	40.914
0.0077801	0.00679019	0.0103284	41.112
0.00782591	0.00678065	0.010357	40.914
0.00782019	0.00681403	0.0103751	41.07
0.007824	0.00683883	0.0103875	41.166
0.00778392	0.00677016	0.010316	41.01
0.00585845	0.0047932	0.0075188	39.408
0.00718406	0.00614551	0.00950056	40.44
0.00527385	0.00416091	0.00651076	38.4
0.00340654	0.00250246	0.00424579	36.27
0.004859	0.00396827	0.00642303	38.91
0.00504497	0.00409415	0.00641063	39.168
0.00384904	0.00291158	0.00481799	37.104
0.00459483	0.00358583	0.00577167	38.1
0.00409034	0.00324441	0.00522521	38.454
0.00394443	0.00299932	0.00495246	37.272
0.00434974	0.00337316	0.00547698	37.908
0.00494292	0.00392917	0.00627998	38.502
0.00487903	0.0038624	0.00628951	38.106
0.00694659	0.00589755	0.00917822	40.212
0.00779346	0.00677493	0.0103274	40.986
0.00639537	0.00542071	0.00837523	40.332
0.00745395	0.00648788	0.0099135	40.968
0.00779536	0.00678352	0.0102883	41.112
0.00372507	0.00317384	0.00477222	41.1
0.00656417	0.00576499	0.00883394	40.992
0.00333788	0.00289918	0.00443271	40.968
0.00586417	0.00514033	0.0077534	41.376
0.00428012	0.00380708	0.00569919	41.748
0.00500014	0.00443938	0.00677684	41.31
0.00455764	0.0040293	0.00603679	41.67
0.00402358	0.00353815	0.00536636	41.322
0.00655749	0.00571826	0.00875479	40.926
0.00485137	0.0042229	0.00635245	41.364
0.00603297	0.0052729	0.00812346	40.824
0.00758651	0.006547	0.0100346	40.782
0.00773337	0.00669292	0.0102292	40.854
0.00609115	0.00509456	0.00769427	40.578
0.00347044	0.00301363	0.00461105	40.98
0.00382139	0.00340177	0.00512412	41.658
0.00391486	0.00348379	0.00524047	41.622
0.00389291	0.00340749	0.00517276	41.214
0.00389577	0.00345804	0.00520709	41.604
0.00547794	0.00489143	0.00750545	41.388
0.00752929	0.0066109	0.00999457	41.346
0.00477031	0.00422099	0.00630668	41.748
0.00527385	0.00474456	0.00707343	42.03
0.00553325	0.00510219	0.00769523	42.126
0.00480273	0.00388624	0.00617602	39.012
0.00707152	0.00614551	0.00942522	40.92
0.00772098	0.00673679	0.0102578	41.094
0.00780872	0.00678065	0.0103427	40.956
0.00783354	0.00679496	0.0103684	40.944
0.00777343	0.00674537	0.0102912	40.95
0.0078221	0.00680259	0.0103665	41.004
0.00781542	0.00679973	0.0103627	41.028
0.00790888	0.00691226	0.0105048	41.148
0.00790793	0.00687507	0.0104771	41.004
0.00788885	0.00687888	0.0104685	41.094
0.0079003	0.00695518	0.0105258	41.364
0.00790983	0.00696662	0.010542	41.382
0.00783926	0.0068455	0.0104056	41.124
0.00783259	0.00684932	0.0104046	41.166
0.00783068	0.00683883	0.0103951	41.124
0.00778869	0.00677875	0.0103217	41.046
0.0077801	0.00674155	0.010294	40.92
0.00777915	0.00672725	0.0102845	40.854
0.0077534	0.00673392	0.0102683	40.986
0.00780872	0.00681213	0.0103646	41.1
0.00785166	0.00691608	0.0104638	41.376
0.00785166	0.0068188	0.010397	40.956
0.0078221	0.00677589	0.0103493	40.908
0.00785166	0.00686839	0.0104323	41.184
0.00790411	0.00689223	0.0104838	41.094
0.00787169	0.00687793	0.0104523	41.148
0.00794798	0.00696376	0.0105677	41.22
0.00794417	0.00697044	0.0105773	41.268
0.00804907	0.00711349	0.0107432	41.46
0.00812727	0.00717738	0.0108443	41.442
0.00805765	0.00710109	0.0107384	41.394
0.00798327	0.00702193	0.0106288	41.34
0.0079394	0.007	0.0105839	41.394
0.00791746	0.00689223	0.0104962	41.034
0.00783449	0.00679401	0.0103646	40.944
0.00773051	0.00667861	0.0102091	40.812
0.00770381	0.0066767	0.0101958	40.908
0.00776771	0.00672439	0.0102807	40.884
0.0078488	0.00684169	0.0104132	41.082
0.00785261	0.0068188	0.010398	40.968
0.00780395	0.00677875	0.0103102	41.01
0.00586608	0.00520042	0.00793082	41.268
0.00754741	0.00663093	0.0100699	41.232
0.007824	0.00683597	0.0103932	41.124
0.00786501	0.00685123	0.0104313	41.07
0.00790793	0.00696185	0.0105334	41.358
0.00784212	0.00686076	0.010418	41.178
0.00651363	0.00549892	0.00837523	40.572
0.00429156	0.00357153	0.0055609	39.816
0.00403884	0.00329973	0.00521567	39.282
0.00405887	0.00333501	0.00525096	39.42
0.00397876	0.00327493	0.00515178	39.462
0.00398639	0.00332643	0.00518993	39.84
0.00235845	0.00219251	0.0030966	44.298
0.000371935	0.000722889	0.000788692	64.272
0.000234605	0.000951771	0.00101186	75.804
0.000569347	0.00255395	0.00261499	77.382
0.000281336	0.00103188	0.00105096	75.426
7.72481e-05	0.000442507	0.000432016	81.378
-0.000140191	-0.00024605	0.000288012	-119.484
-0.000160218	-0.000364305	0.00039673	-113.55
-0.000175477	-0.000359537	0.000398638	-116.226
-0.000180245	-0.000379564	0.000418665	-115.218
-0.000186921	-0.000426294	0.000465395	-113.856
-0.00018406	-0.000421526	0.000457766	-113.274
-0.000167848	-0.000417711	0.000449182	-111.894
-0.00018406	-0.000411035	0.000448229	-113.892
-0.000182153	-0.00041485	0.000452997	-113.628
-0.000180245	-0.000369074	0.000406267	-116.1
-0.000162126	-0.00023079	0.000278475	-125.328
-0.000103951	-5.53133e-05	0.000110627	-154.854
-7.34334e-05	0.000117302	0.000141145	120.78
-6.00817e-05	0.000133515	0.000145913	115.032
-7.62944e-05	0.00014782	0.000167848	117.066
-0.000106812	0.00017357	0.00020218	121.644
-4.10082e-05	0.000229836	0.000234605	99.252
-7.53407e-05	0.000120163	0.000139237	126.588
-0.00017357	-0.000208856	0.00027466	-128.724
-0.000199319	-0.000354769	0.000408174	-118.764
-0.000204087	-0.000426294	0.000472071	-115.446
-0.000208856	-0.00041485	0.000462534	-116.934
-0.000185014	-0.000364305	0.000407221	-117.198
-0.000167848	-0.000272753	0.000316622	-122.238
-0.000151635	-0.000235558	0.00028515	-121.752
-0.000186921	-0.000435831	0.000474932	-113.442
-0.000200273	-0.000343325	0.000393869	-120.996
3.81473e-06	0.00038624	0.00040436	82.968
0.000287058	0.000511173	0.000584606	60.618
0.000208856	0.000462534	0.000506405	66.306
0.000139237	0.000463488	0.000483515	73.11
0.000176431	0.000460627	0.000493053	68.988
0.000984199	0.00238039	0.00263025	67.23
0.0013466	0.00336267	0.0036297	68.124
0.00111771	0.00280382	0.00295545	68.55
0.000839237	0.000973705	0.001256	49.242
0.000961307	0.000765804	0.00119019	38.826
0.000171662	7.62945e-06	0.000159265	0.246
3.71935e-05	-7.1526e-05	7.91554e-05	-62.574
5.24523e-05	-5.24523e-05	7.43871e-05	-43.566
5.53133e-05	-6.5804e-05	8.48775e-05	-51.342
5.3406e-05	-8.10628e-05	9.72752e-05	-56.094
7.05724e-05	-6.67577e-05	9.72752e-05	-43.344
0.000445368	0.000245096	0.000575069	29.202
0.000732426	0.000402452	0.00081921	28.482
0.00196649	0.0018139	0.00265695	42.624
0.000753406	0.000223161	0.000752453	15.906
0.00046158	-6.67575e-06	0.000465395	-0.492
0.000537876	0.000114441	0.000551227	12.162
0.0034609	0.00295164	0.00475791	39.822
0.00713351	0.00634959	0.0096274	41.568
0.00824744	0.00741199	0.011098	41.922
0.00824934	0.00730994	0.0109635	41.628
0.00530627	0.00437167	0.00680736	39.588
0.00427344	0.00332643	0.00541213	37.884
0.00661281	0.00568488	0.00884634	40.428
0.00802428	0.00714687	0.0107337	41.718
0.00541309	0.00491431	0.00722125	42.504
0.00573733	0.00531963	0.00793082	42.564
0.00798136	0.00723746	0.0107966	42.132
0.00813872	0.0072985	0.0109292	41.886
0.00806814	0.00721267	0.0108195	41.79
0.00814444	0.00727847	0.0109282	41.778
0.00816637	0.0073128	0.0109606	41.85
0.00817782	0.00732139	0.0109778	41.844
0.00815398	0.00732329	0.0109578	41.934
0.00798327	0.00712875	0.0107003	41.754
0.00776485	0.00677589	0.0102702	41.13
0.00546172	0.00438216	0.00694469	38.85
0.00420097	0.00352575	0.00546744	40.104
0.00400832	0.00335504	0.00522617	39.918
0.00398353	0.00332643	0.00518516	39.894
0.00398639	0.00333025	0.00519279	39.894
0.00397018	0.00339319	0.00522521	40.488
0.00394443	0.00338174	0.00519469	40.644
0.00393966	0.00413421	0.00572398	46.632
0.00379182	0.00384809	0.00538924	45.276
0.00375463	0.00335027	0.00503162	41.712
0.00364687	0.00320627	0.00485042	41.37
0.00365068	0.0032139	0.00486282	41.394
0.00363924	0.00322057	0.00485995	41.466
0.00361921	0.00316907	0.00481322	41.178
0.003644	0.00319959	0.00484946	41.31
0.00366594	0.00320055	0.00486568	41.124
0.00365354	0.00322534	0.00487426	41.448
0.00366689	0.00321294	0.00487426	41.238
0.00360967	0.00319673	0.00482085	41.52
0.00362779	0.00313379	0.00479415	40.812
0.00362588	0.00319292	0.00482944	41.388
0.0036421	0.00317957	0.0048342	41.142
0.00358297	0.00314714	0.00476936	41.328
0.00358488	0.00314714	0.00477031	41.244
0.00361635	0.00311758	0.00477222	40.794
0.00364305	0.00322916	0.0048714	41.508
0.00365163	0.00321199	0.00486472	41.31
0.0036421	0.00317003	0.00482753	41.058
0.00363924	0.00314523	0.00481227	40.848
0.00363733	0.00320055	0.00484374	41.364
0.00364687	0.00318243	0.00483897	41.118
0.00364019	0.00320055	0.00484946	41.322
0.00365259	0.00320245	0.004859	41.25
0.0036564	0.00320627	0.00486472	41.238
0.00364019	0.00318719	0.00483993	41.178
0.00366689	0.00322439	0.0048857	41.31
0.00365163	0.00320341	0.00485423	41.292
0.00360014	0.00317957	0.00480369	41.466
0.00358106	0.00319292	0.00479892	41.766
0.00361635	0.00318338	0.00481895	41.328
0.003644	0.00319673	0.0048466	41.292
0.00366022	0.0032158	0.00487426	41.286
0.00363733	0.00318624	0.0048342	41.19
0.00364973	0.00321676	0.00486282	41.406
0.00367166	0.0031891	0.00486472	40.956
0.00369741	0.00324537	0.00492099	41.28
0.00369169	0.00324155	0.00491241	41.25
0.00363638	0.00318433	0.0048342	41.196
0.00366308	0.00326253	0.00490478	41.688
0.00370885	0.00328161	0.00495341	41.49
0.00367452	0.0032158	0.00488189	41.184
0.00371076	0.003253	0.00493625	41.232
0.00368311	0.00322439	0.00489047	41.22
0.00364973	0.00324823	0.00488284	41.706
0.00367929	0.0032158	0.0048857	41.148
0.00366975	0.00320055	0.00487044	41.112
0.00370504	0.0032406	0.00492194	41.19
0.00367738	0.00322534	0.00488952	41.28
0.00357439	0.00322439	0.00481418	42.066
0.00357439	0.0032263	0.00482085	42.03
0.00364877	0.00319292	0.00484756	41.136
0.00366689	0.00319006	0.004859	41.04
0.00367643	0.0032797	0.00492766	41.742
0.00375749	0.00336172	0.00504115	41.826
0.00371172	0.00330164	0.00496486	41.64
0.00371362	0.00328447	0.00496009	41.484
0.00375463	0.00323106	0.00494865	40.554
0.00374414	0.00292398	0.00474265	38.028
0.00364305	0.00267984	0.00452426	36.3
0.00346757	0.00255968	0.00431636	36.6
0.00380231	0.00367834	0.00530627	44.232
0.00381471	0.00334932	0.00508025	41.352
0.00382425	0.00388433	0.00545219	45.444
0.00313093	0.00265314	0.00403026	40.2
0.00135899	0.000482561	0.00140477	18.984
0.00100041	0.000160218	0.00101281	9.048
0.0011139	0.000397684	0.00125123	21.216
0.0043917	0.00385381	0.00600722	40.686
0.00681403	0.00579074	0.00886923	40.428
0.00143719	0.00104333	0.00165463	36.498
0.0018282	0.00121499	0.00246717	32.64
0.00640681	0.00532725	0.00839335	39.606
0.00702289	0.00585654	0.00915152	39.816
0.00718406	0.00604728	0.00939566	40.086
0.00720218	0.00607494	0.00942236	40.152
0.00721076	0.0060387	0.00940806	39.936
0.00726607	0.0061703	0.00953585	40.35
0.00730994	0.00624278	0.00961977	40.494
0.00490096	0.0038643	0.00617126	38.346
0.00531772	0.00446132	0.00706008	39.75
0.00479034	0.00394061	0.00615695	39.594
0.00416949	0.00326253	0.00534156	37.89
0.00459674	0.00377752	0.00592616	39.516
0.00405219	0.00321962	0.00516418	38.412
0.00438312	0.00337984	0.00554946	37.572
0.00465301	0.00366594	0.00596622	38.094
0.00442794	0.00343229	0.0055714	37.848
0.00494483	0.00393966	0.00628856	38.64
0.00537589	0.00433162	0.00698951	38.592
0.00659755	0.00539973	0.00853544	39.282
0.00675777	0.00552943	0.00873476	39.27
0.00428966	0.00336172	0.00534824	38.436
0.00291063	0.00220872	0.00367357	37.284
0.00337698	0.00286295	0.00443366	40.296
0.00350763	0.00310232	0.00468734	41.532
0.0044823	0.00372602	0.0057669	39.87
0.00372125	0.00326444	0.00496581	41.304
0.00558093	0.00505927	0.00763229	41.91
0.00729945	0.00642875	0.00974089	41.31
0.00747588	0.00648215	0.00989538	40.92
0.00746444	0.00650123	0.00989729	41.064
0.00725558	0.0062094	0.00953203	40.56
0.00478652	0.00375368	0.00602821	38.274
0.00415328	0.00325491	0.00525573	38.082
0.00433829	0.00343038	0.00556377	38.328
0.00515369	0.00417426	0.0065861	39.054
0.00415233	0.00315095	0.00518897	37.254
0.00449374	0.00349428	0.00573638	37.782
0.00428107	0.00329687	0.00540259	37.65
0.00484565	0.00395492	0.00634673	38.946
0.00510791	0.00429919	0.00673011	39.888
0.00662807	0.00548843	0.008627	39.576
0.00687316	0.00571731	0.00894648	39.768
0.00695136	0.00579169	0.00905043	39.798
0.00700668	0.00584033	0.009121	39.822
0.00657371	0.00542262	0.00842291	39.744
0.00499633	0.00399306	0.0063782	38.652
0.00481704	0.00376035	0.00611117	37.998
0.00428298	0.00336172	0.00532535	38.532
0.00358678	0.00277902	0.00460246	37.464
0.00441268	0.00341131	0.00558284	37.656
0.00457767	0.0035267	0.00578216	37.572
0.00435832	0.0034094	0.00550941	38.13
0.00397304	0.00299264	0.00496486	36.978
0.00389101	0.0028763	0.00483897	36.432
0.00402549	0.00301649	0.00506118	36.744
0.00436404	0.00344373	0.00561813	38.208
0.00716594	0.00602821	0.00942618	39.918
0.00782973	0.00660804	0.0102511	40.158
0.00800234	0.00700381	0.0106412	41.22
0.00798136	0.00711158	0.0106869	41.718
0.006403	0.00551322	0.00831419	40.956
0.00409511	0.00319006	0.00516608	37.938
0.00423148	0.00347997	0.00549605	39.474
0.00408843	0.00321104	0.00517753	38.148
0.00641349	0.00553992	0.00856692	40.698
0.00774482	0.00683025	0.010294	41.472
0.00468352	0.00425342	0.00625136	42.576
0.00407222	0.00378896	0.0055981	42.834
0.00703052	0.0063248	0.00951391	41.832
0.00777343	0.00686172	0.0103713	41.43
0.00780585	0.00691131	0.0104237	41.532
0.00775149	0.0068703	0.0103598	41.556
0.00769237	0.00677398	0.0102454	41.37
0.00765231	0.00673869	0.0101948	41.364
0.00765327	0.00668624	0.0101615	41.136
0.00762275	0.00671008	0.0101548	41.358
0.00764182	0.00673011	0.0101853	41.37
0.00767329	0.00675014	0.0102225	41.334
0.00767139	0.00681213	0.0102606	41.616
0.00772288	0.00685027	0.0103245	41.568
0.00778869	0.00687602	0.0103894	41.442
0.00777152	0.00686076	0.0103646	41.43
0.00777534	0.00685027	0.0103627	41.388
0.00776199	0.00685695	0.010356	41.466
0.00778773	0.00687602	0.0103884	41.43
0.00780299	0.00689891	0.0104142	41.484
0.00772861	0.0068188	0.0103026	41.424
0.00777534	0.00684741	0.0103646	41.358
0.00779346	0.00686935	0.0103884	41.412
0.00772288	0.00682357	0.0103026	41.472
0.00769332	0.00681403	0.0102778	41.532
0.00771716	0.00681499	0.0102959	41.454
0.00772765	0.00681022	0.0103007	41.376
0.00773337	0.00680926	0.0103036	41.376
0.00767425	0.00675872	0.0102254	41.376
0.00764659	0.00671008	0.0101758	41.244
0.00765613	0.00671008	0.0101834	41.238
0.00773624	0.00683025	0.0103207	41.442
0.00773147	0.00679496	0.0102902	41.31
0.00776103	0.00683597	0.0103436	41.37
0.00778106	0.00683406	0.0103579	41.304
0.00779822	0.00692084	0.0104209	41.61
0.00771812	0.00684169	0.010314	41.532
0.00775054	0.00685599	0.0103465	41.508
0.00767139	0.0067654	0.0102292	41.406
0.00772193	0.00681213	0.0102959	41.436
0.0077143	0.00680164	0.0102835	41.406
0.00771716	0.00680545	0.0102873	41.418
0.00775054	0.00677207	0.0102912	41.136
0.00771144	0.00678733	0.0102721	41.364
0.00766662	0.00671676	0.0101939	41.22
0.00774673	0.00682643	0.0103274	41.376
0.00778678	0.00687698	0.0103903	41.448
0.00780204	0.00688556	0.0104046	41.442
0.00783354	0.00695136	0.0104771	41.58
0.00783545	0.00691226	0.0104485	41.418
0.00781062	0.00691894	0.0104352	41.538
0.0077782	0.00688556	0.0103846	41.52
0.00777724	0.00686839	0.0103789	41.448
0.00773051	0.00683311	0.0103179	41.478
0.00781062	0.00691989	0.010438	41.538
0.00777343	0.00684455	0.0103531	41.37
0.00766471	0.00669387	0.010171	41.148
0.00768378	0.00673679	0.0102206	41.244
0.00775817	0.0068436	0.0103446	41.424
0.00773337	0.00686172	0.0103388	41.586
0.00773051	0.00689605	0.0103598	41.736
0.00772479	0.0068455	0.0103226	41.538
0.00776771	0.00683597	0.0103455	41.346
0.00774196	0.00680068	0.0103045	41.304
0.00766852	0.00670817	0.0101863	41.178
0.00760749	0.00665954	0.0101119	41.202
0.00762275	0.00669101	0.0101452	41.268
0.00760081	0.00665477	0.0101014	41.214
0.00762084	0.00665572	0.0101176	41.13
0.00769332	0.00673679	0.0102263	41.202
0.00771049	0.00680545	0.0102845	41.436
0.00767902	0.00671199	0.0101987	41.148
0.00764659	0.00670722	0.0101681	41.256
0.00761607	0.00660613	0.0100814	40.944
0.00764945	0.00670341	0.0101729	41.232
0.00765899	0.00671676	0.0101882	41.238
0.00761893	0.00666144	0.0101176	41.166