X 	 Y 	 R 	 theta 
#Without Preamplifier, New QWP in high prec. mount, ZnTe detector angle dependance 40deg, Chopper 230Hz, time constant=0.3s 18dB, waiting time= 1s, sensitivity=20mV, position 8.0085mm
-5.53133e-05	5.9128e-05	8.10628e-05	136.656
-4.38693e-05	3.33788e-05	5.24523e-05	136.062
-3.81472e-05	4.19619e-05	5.9128e-05	129.726
-8.20165e-05	0.00011158	0.000142098	126.606
-7.34334e-05	0.000123025	0.000142098	121.152
-7.62944e-05	6.5804e-05	0.00010109	140.052
-6.67575e-06	0.000114441	0.000117302	95.808
-0.000113488	4.57766e-05	0.000120163	157.428
-9.34605e-05	-2.86104e-06	9.25069e-05	178.338
-6.8665e-05	6.5804e-05	9.25069e-05	135.294
-2.00273e-05	3.05178e-05	3.52862e-05	115.08
4.38693e-05	7.53407e-05	8.39238e-05	65.898
-9.5368e-06	-6.67575e-06	1.23978e-05	-140.526
-3.91009e-05	-2.6703e-05	4.38693e-05	-145.08
-6.77113e-05	-2.86104e-06	7.1526e-05	-176.904
-8.86922e-05	7.72481e-05	0.000116349	135.924
-6.67577e-05	8.96459e-05	0.000109673	125.052
-2.86103e-05	6.5804e-05	6.8665e-05	111.486
-7.1526e-05	-4.29156e-05	8.20165e-05	-150.486
-0.000108719	3.81473e-06	0.000107766	178.602
-0.000124932	1.04905e-05	0.000123979	173.796
-0.000115395	0.000110627	0.000159265	135.846
-7.82018e-05	8.10628e-05	0.00011158	131.634
-6.38966e-05	8.39238e-05	0.000105858	127.59
-2.86103e-05	3.71935e-05	4.57766e-05	126.702
-3.62399e-05	1.90736e-05	3.91009e-05	151.314
-4.95913e-05	6.77113e-05	8.39238e-05	127.68
-0.000107766	0.000112534	0.000154496	132.918
-5.9128e-05	0.000110627	0.000123979	114.906
-4.7684e-06	9.53679e-05	9.44142e-05	94.458
-4.48229e-05	9.5368e-06	4.57766e-05	167.382
-3.71935e-05	1.90736e-06	3.62399e-05	174.708
-0.00011158	2.47956e-05	0.000109673	166.56
-6.5804e-05	4.86376e-05	8.39238e-05	146.064
-6.96187e-05	1.90736e-05	7.1526e-05	164.934
-0.000115395	8.58313e-06	0.000114441	176.01
-5.81744e-05	5.9128e-05	8.39238e-05	135.318
-9.44142e-05	0.000114441	0.000151635	129.396
-0.000167848	0.000152589	0.000225068	137.166
-8.01091e-05	8.20165e-05	0.000108719	131.958
-9.15532e-05	1.52589e-05	9.25069e-05	169.806
-4.76839e-05	3.24252e-05	5.72207e-05	146.676
-6.8665e-05	4.48229e-05	8.39238e-05	147.048
-0.000118256	-9.53682e-07	0.00011921	-176.52
-6.00817e-05	4.86376e-05	7.43871e-05	134.286
-5.9128e-05	-2.76567e-05	6.8665e-05	-157.296
-5.3406e-05	2.3842e-05	5.6267e-05	156.528
-0.000104905	3.71935e-05	0.000110627	158.328
-4.67303e-05	3.52862e-05	5.53133e-05	138.942
-9.5368e-06	3.14715e-05	3.43325e-05	109.8
-3.81472e-05	7.72481e-05	8.58312e-05	117.552
-7.62944e-05	7.05724e-05	0.000103951	137.58
-3.33788e-05	7.1526e-05	7.91554e-05	115.482
-4.67303e-05	8.86922e-05	0.00010109	118.074
-5.53133e-05	0.000105858	0.00011921	115.134
-7.53407e-05	0.000105858	0.000129701	124.506
-4.48229e-05	0.000108719	0.000117302	112.17
-0.000100136	6.77113e-05	0.000121117	145.788
-6.5804e-05	2.47956e-05	6.96187e-05	162.252
-4.48229e-05	2.76567e-05	5.24523e-05	145.302
-6.8665e-05	-1.81199e-05	7.24797e-05	-165.966
-8.58312e-05	8.10628e-05	0.000118256	135.678
-4.48229e-05	9.72752e-05	0.000105858	112.398
-3.52862e-05	0.000114441	0.00011921	109.656
-6.67577e-05	1.71663e-05	6.77113e-05	163.356
-6.00817e-05	1.71663e-05	6.19893e-05	162.72
-8.20165e-05	7.53407e-05	0.000110627	135.99
-2.9564e-05	8.77385e-05	9.25069e-05	108.18
-9.82289e-05	4.95913e-05	0.000110627	154.2
-3.05178e-05	7.43871e-05	7.91554e-05	111.006
-8.48775e-05	5.72207e-05	0.000105858	147.69
-0.000110627	9.91826e-05	0.000143052	135.378
-4.67303e-05	6.2943e-05	7.72481e-05	127.17
-8.20165e-05	1.90736e-06	8.20165e-05	177.69
-0.000128747	2.28883e-05	0.000136376	172.026
-0.000236512	-0.000186921	0.000301363	-141.24
-0.000273706	-0.000211717	0.000345232	-141.876
-0.000257494	-0.000226975	0.000341417	-138.414
-0.000249865	-0.000229836	0.000340464	-137.772
-0.000226975	-0.000142098	0.00026417	-148.56
-0.000166894	1.71663e-05	0.000166894	172.902
-0.000174523	1.23978e-05	0.000172616	175.584
-0.000127793	2.00273e-05	0.000125886	170.838
-0.000160218	8.58313e-06	0.000157357	176.832
-8.86922e-05	1.62126e-05	9.05995e-05	169.02
-7.62944e-05	8.20165e-05	0.000109673	128.118
5.53133e-05	0.000107766	0.000122071	62.052
0.000127793	0.000157357	0.000201226	51.876
8.86922e-05	0.000118256	0.00014782	53.388
6.77113e-05	0.000123979	0.000138284	63.684
6.77113e-05	0.000106812	0.000127793	55.644
9.44142e-05	0.000159265	0.000186921	58.446
6.8665e-05	0.000106812	0.000127793	55.644
9.91826e-05	0.000144959	0.000175477	57.51
6.10356e-05	0.000172616	0.000182153	70.302
2.57493e-05	0.000105858	0.000105858	80.658
-6.00817e-05	5.53133e-05	8.29701e-05	137.574
-6.48503e-05	5.14986e-05	8.29701e-05	143.04
-7.53407e-05	3.71935e-05	8.39238e-05	154.05
-6.00817e-05	3.33788e-05	6.8665e-05	149.508
-5.24523e-05	9.44142e-05	0.000107766	118.158
-6.67575e-06	6.48503e-05	6.38966e-05	95.358
-3.62399e-05	9.05995e-05	9.91826e-05	112.908
-6.67577e-05	9.53679e-05	0.00011921	124.212
-8.20165e-05	5.9128e-05	9.91826e-05	145.668
-7.53407e-05	3.43325e-05	7.91554e-05	154.32
-4.7684e-06	9.72752e-05	9.82289e-05	93.054
-5.9128e-05	9.82289e-05	0.000112534	119.916
2.19346e-05	9.82289e-05	0.00010109	78.69
2.9564e-05	0.000104905	0.000107766	74.4
-1.33515e-05	2.28883e-05	2.57493e-05	114.678
-3.52862e-05	7.1526e-05	8.20165e-05	113.73
-2.86103e-05	6.48503e-05	7.05724e-05	112.206
-1.62126e-05	8.10628e-05	7.91554e-05	103.8
2.9564e-05	4.29156e-05	5.3406e-05	51.45
-2.28883e-05	7.43871e-05	7.91554e-05	112.332
-6.00817e-05	9.91826e-05	0.000115395	121.584
-2.57493e-05	8.58312e-05	8.96459e-05	104.352
-1.71663e-05	5.14986e-05	5.3406e-05	114.324
-3.52862e-05	3.91009e-05	5.24523e-05	129.984
-8.58313e-06	5.3406e-05	5.24523e-05	97.398
1.52589e-05	6.8665e-05	7.05724e-05	81.948
-2.6703e-05	8.86922e-05	9.15532e-05	103.332
-6.67577e-05	9.15532e-05	0.000115395	129.426
-4.7684e-06	8.39238e-05	8.48775e-05	93.132
-9.5368e-06	7.24797e-05	7.1526e-05	96.582
3.62399e-05	5.72207e-05	6.77113e-05	57.75
4.86376e-05	2.57493e-05	5.14986e-05	34.116
-5.72208e-06	3.43325e-05	3.43325e-05	96.462
-1.43052e-05	2.57493e-05	3.05178e-05	123.342
-5.72208e-06	8.39238e-05	8.39238e-05	95.4
3.81473e-06	5.24523e-05	5.24523e-05	81.03
1.71663e-05	8.67848e-05	9.05995e-05	81.348
-3.81473e-06	7.62944e-05	7.53407e-05	95.016
-5.43597e-05	0.000110627	0.000121117	113.994
3.81473e-06	7.91554e-05	8.01091e-05	89.052
-5.81744e-05	9.63216e-05	0.000113488	119.946
-4.67303e-05	9.44142e-05	0.000105858	117.216
-6.8665e-05	0.000103951	0.000123025	122.136
-1.04905e-05	0.000108719	0.000107766	94.29
-2.28883e-05	6.77113e-05	6.96187e-05	109.134
1.90736e-06	5.14986e-05	5.0545e-05	86.184
1.52589e-05	2.86103e-05	3.14715e-05	66.162
-3.81473e-06	7.91554e-05	7.91554e-05	90.474
-3.81472e-05	6.5804e-05	7.72481e-05	118.77
-1.52589e-05	0.000123025	0.000123979	95.862
-7.62945e-06	5.72207e-05	5.6267e-05	100.122
-3.81472e-05	2.28883e-05	4.57766e-05	151.26
-4.57766e-05	8.48775e-05	9.05995e-05	112.812
-5.81744e-05	0.000106812	0.000122071	119.898
-5.14986e-05	6.19893e-05	7.82018e-05	126.966
-1.43052e-05	0.000130654	0.000131608	97.23
-6.67577e-05	4.48229e-05	8.01091e-05	149.778
-3.33788e-05	6.48503e-05	7.24797e-05	114.276
-5.0545e-05	8.77385e-05	0.000100136	121.758
-3.43325e-05	0.000136376	0.000143052	104.676
-4.10082e-05	0.000130654	0.00013733	107.736
-1.81199e-05	0.000112534	0.00011158	100.026
-2.28883e-05	7.24797e-05	7.34334e-05	106.302
-4.95913e-05	8.10628e-05	9.44142e-05	119.094
-5.72208e-06	8.58312e-05	8.48775e-05	92.256
-3.71935e-05	1.62126e-05	3.91009e-05	154.698
2.0981e-05	8.39238e-05	8.58312e-05	71.424
-2.86104e-06	7.34334e-05	7.34334e-05	93.576
-2.9564e-05	5.72207e-05	6.2943e-05	121.938
-2.47956e-05	6.38966e-05	6.8665e-05	109.47
-2.76567e-05	0.000134469	0.00013733	100.878
6.67575e-06	0.000144006	0.000144006	88.152
-9.5368e-06	7.24797e-05	7.24797e-05	97.524
-1.04905e-05	0.000136376	0.00013733	93.834
-1.43052e-05	0.000171662	0.000170709	95.376
-5.3406e-05	0.00010109	0.000110627	118.134
-2.00273e-05	8.01091e-05	8.39238e-05	108.432
5.72208e-06	3.62399e-05	3.62399e-05	69.57
1.33515e-05	7.1526e-05	7.43871e-05	78.888
-2.3842e-05	0.00011158	0.000115395	102.21
-5.9128e-05	0.000141145	0.000152589	113.328
-0.000120163	0.000136376	0.00018406	132.396
-1.23978e-05	0.000122071	0.000123979	94.608
-2.76567e-05	9.72752e-05	0.000100136	104.22
-5.81744e-05	7.91554e-05	0.000103951	127.086
-1.43052e-05	5.53133e-05	5.53133e-05	112.458
-8.48775e-05	7.82018e-05	0.000115395	134.766
-3.43325e-05	0.000103951	0.000107766	106.866
-3.33788e-05	0.000104905	0.000112534	110.244
9.53682e-07	8.10628e-05	8.10628e-05	91.908
-4.7684e-06	0.00012684	0.00012684	91.788
-3.33788e-05	9.72752e-05	0.00010109	108.312
4.86376e-05	6.96187e-05	8.39238e-05	52.764
-1.43052e-05	9.05995e-05	9.15532e-05	98.718
1.52589e-05	2.86103e-05	3.05178e-05	61.698
-2.57493e-05	7.91554e-05	8.39238e-05	106.44
-7.91554e-05	8.20165e-05	0.000113488	131.466
-4.10082e-05	0.00010109	0.000108719	112.512
-9.53682e-07	0.000103951	0.000104905	91.788
-4.38693e-05	0.000104905	0.000112534	112.05
-4.29156e-05	0.000125886	0.000132562	109.98
-8.20165e-05	0.00013733	0.000158311	120.588
-3.33788e-05	7.24797e-05	7.91554e-05	113.388
-3.05178e-05	9.44142e-05	0.000100136	109.506
-8.96459e-05	8.77385e-05	0.000123979	134.34
-1.81199e-05	0.000125886	0.000127793	95.946
1.81199e-05	0.000108719	0.000107766	81.36
1.23978e-05	9.44142e-05	9.44142e-05	85.134
-6.00817e-05	0.000125886	0.000140191	115.722
1.33515e-05	8.96459e-05	9.05995e-05	77.61
5.72208e-06	0.000105858	0.000107766	88.62
-4.67303e-05	0.000136376	0.000144006	109.44
-4.48229e-05	0.000108719	0.000117302	111.012
-3.43325e-05	1.52589e-05	4.19619e-05	162.12
-0.000102044	5.43597e-05	0.00011158	151.89
-2.00273e-05	0.000142098	0.000145913	100.14
-3.62399e-05	0.000148774	0.000152589	103.488
0.0	9.15532e-05	8.86922e-05	89.562
5.72208e-06	4.86376e-05	4.86376e-05	79.14
-6.96187e-05	7.72481e-05	0.000104905	133.728
-2.9564e-05	3.52862e-05	4.48229e-05	125.34
-6.2943e-05	6.38966e-05	8.96459e-05	132.9
-4.19619e-05	9.82289e-05	0.000105858	112.866
-6.67575e-06	4.48229e-05	4.57766e-05	103.056
-8.10628e-05	7.24797e-05	0.000108719	139.476
-2.3842e-05	6.38966e-05	6.77113e-05	104.436
-1.52589e-05	0.000121117	0.000121117	95.994
2.6703e-05	8.58312e-05	8.96459e-05	75.042
-5.3406e-05	0.00011158	0.000125886	114.024
-3.81472e-05	0.00013733	0.000141145	104.232
-9.5368e-06	8.10628e-05	8.10628e-05	97.872
-3.33788e-05	7.91554e-05	8.39238e-05	112.056
9.5368e-06	6.96187e-05	6.96187e-05	79.344
-4.10082e-05	0.000116349	0.000124932	109.104
-7.62945e-06	8.58312e-05	8.48775e-05	94.116
-2.57493e-05	7.1526e-05	7.62944e-05	108.75
-2.00273e-05	6.77113e-05	7.05724e-05	102.996
-6.67575e-06	8.10628e-05	8.39238e-05	98.382
-9.53679e-05	0.000133515	0.000164033	124.332
-7.1526e-05	0.000196458	0.000209809	109.29
-1.62126e-05	9.34605e-05	9.25069e-05	100.416
-3.14715e-05	0.000166894	0.000169755	100.122
-4.19619e-05	6.5804e-05	7.91554e-05	122.622
-4.38693e-05	7.05724e-05	8.10628e-05	119.568
6.67575e-06	3.71935e-05	3.52862e-05	91.104
4.38693e-05	4.38693e-05	6.38966e-05	42.072
2.9564e-05	7.72481e-05	8.39238e-05	71.568
-9.15532e-05	9.82289e-05	0.000132562	133.362
-4.95913e-05	0.000109673	0.000120163	113.202
-2.76567e-05	0.00011921	0.000121117	103.044
-1.52589e-05	5.72207e-05	5.72207e-05	102.744
2.47956e-05	0.00012684	0.000132562	80.352
-9.5368e-06	7.72481e-05	7.91554e-05	94.806
-2.28883e-05	5.0545e-05	5.43597e-05	109.092
-1.71663e-05	4.76839e-05	4.86376e-05	108.432
1.90736e-06	4.19619e-05	4.29156e-05	85.668
-1.14442e-05	6.19893e-05	6.2943e-05	103.446
3.14715e-05	9.05995e-05	9.72752e-05	70.584
2.0981e-05	8.10628e-05	8.39238e-05	76.734
-4.86376e-05	8.58312e-05	9.82289e-05	120.9
-2.28883e-05	6.5804e-05	6.8665e-05	106.326
1.71663e-05	0.00010109	0.000102997	82.182
-3.14715e-05	0.000104905	0.000110627	107.682
-4.67303e-05	6.10356e-05	7.43871e-05	125.118
2.00273e-05	7.91554e-05	8.39238e-05	74.238
-3.33788e-05	0.000144959	0.000150681	103.254
-8.86922e-05	9.91826e-05	0.000131608	130.104
-2.00273e-05	8.77385e-05	8.77385e-05	101.736
1.81199e-05	7.62944e-05	8.01091e-05	77.718
5.81744e-05	5.24523e-05	7.72481e-05	41.802
-2.0981e-05	0.000109673	0.000113488	103.716
-4.86376e-05	9.05995e-05	0.000105858	120.102
-3.33788e-05	9.53679e-05	0.00010109	109.854
-7.34334e-05	0.000107766	0.000130654	126.288
-1.71663e-05	9.25069e-05	9.25069e-05	99.6
-6.5804e-05	3.52862e-05	7.24797e-05	149.214
-1.62126e-05	4.38693e-05	4.67303e-05	123.462
-6.00817e-05	9.44142e-05	0.000113488	118.926
-6.67575e-06	0.000130654	0.000129701	95.088
-3.33788e-05	9.53679e-05	0.000100136	109.524
-0.00010109	7.43871e-05	0.000125886	144.96
-2.00273e-05	8.20165e-05	8.58312e-05	99.318
-2.9564e-05	8.48775e-05	9.05995e-05	109.512
2.19346e-05	0.000115395	0.000117302	79.458
-1.43052e-05	5.24523e-05	5.3406e-05	106.428
-6.67575e-06	2.6703e-05	2.86103e-05	101.31
-1.81199e-05	0.000118256	0.00011921	101.874
-2.0981e-05	9.53679e-05	9.91826e-05	100.944
-8.10628e-05	0.000121117	0.00014782	127.128
-4.57766e-05	0.000132562	0.000140191	109.56
-7.91554e-05	9.91826e-05	0.000123979	124.89
-4.38693e-05	8.77385e-05	9.91826e-05	119.982
-8.77385e-05	0.000121117	0.000150681	126.564
-8.77385e-05	5.9128e-05	0.000103951	146.208
-7.62945e-06	0.000107766	0.000107766	89.286
0.0	5.0545e-05	5.0545e-05	92.322
-5.0545e-05	1.90736e-05	5.53133e-05	158.574
-9.15532e-05	8.58312e-05	0.000127793	135.624
-4.00546e-05	0.000163079	0.00016594	102.852
-4.7684e-06	5.0545e-05	5.3406e-05	94.764
-4.57766e-05	5.24523e-05	6.77113e-05	130.974
-6.8665e-05	5.43597e-05	8.48775e-05	141.486
-8.10628e-05	6.38966e-05	9.91826e-05	140.196
-2.6703e-05	7.1526e-05	7.62944e-05	112.08
-1.52589e-05	0.000116349	0.000116349	93.27
-6.38966e-05	0.000135423	0.00014782	113.232
-5.6267e-05	0.000132562	0.000140191	110.526
-4.95913e-05	0.000103951	0.000115395	115.692
-2.19346e-05	0.000136376	0.00013733	98.556
-6.5804e-05	0.000109673	0.00012684	120.498
-2.00273e-05	0.000106812	0.000107766	100.968
-1.04905e-05	9.72752e-05	9.72752e-05	97.8
-5.14986e-05	8.77385e-05	0.000103951	117.69
-1.62126e-05	7.91554e-05	7.91554e-05	100.092
-3.81473e-06	0.000112534	0.000114441	90.324
-4.7684e-06	8.39238e-05	8.39238e-05	93.18
1.52589e-05	7.72481e-05	7.72481e-05	77.418
-3.33788e-05	9.91826e-05	0.000105858	108.888
-8.20165e-05	0.000158311	0.000179292	114.006
-4.95913e-05	0.00015545	0.000164987	108.072
-1.81199e-05	9.72752e-05	9.91826e-05	102.738
2.76567e-05	0.000136376	0.000140191	77.412
2.9564e-05	0.000107766	0.000109673	75.45
3.81472e-05	8.96459e-05	9.53679e-05	68.646
-1.62126e-05	5.53133e-05	5.72207e-05	104.034
-1.81199e-05	5.81744e-05	6.19893e-05	109.404
-6.2943e-05	0.000123025	0.000140191	119.346
-4.67303e-05	0.00010109	0.000110627	115.02
-3.62399e-05	4.57766e-05	5.81744e-05	126.216
-2.86104e-06	0.00011158	0.000110627	91.026
-1.90736e-06	9.63216e-05	9.53679e-05	91.194
-1.33515e-05	0.000116349	0.000118256	97.992
-2.47956e-05	0.00012684	0.000129701	102.402
-8.77385e-05	0.000114441	0.000143052	128.7
-2.76567e-05	1.04905e-05	2.57493e-05	149.304
-1.33515e-05	0.000116349	0.000117302	101.502
5.72208e-06	4.38693e-05	4.48229e-05	79.332
2.00273e-05	8.39238e-05	8.58312e-05	80.172
-4.86376e-05	7.91554e-05	9.15532e-05	118.41
-6.00817e-05	0.000116349	0.000129701	117.234
9.5368e-06	8.77385e-05	8.77385e-05	82.608
-1.81199e-05	7.53407e-05	7.62944e-05	106.992
-4.19619e-05	5.0545e-05	6.48503e-05	127.218
-4.67303e-05	8.86922e-05	0.00010109	119.562
-8.20165e-05	8.01091e-05	0.000118256	137.256
-8.58312e-05	-9.5368e-06	8.39238e-05	-175.428
-3.52862e-05	0.000110627	0.000117302	104.97
6.67575e-06	8.77385e-05	8.86922e-05	86.61
-6.2943e-05	0.000138284	0.000151635	112.08
-4.7684e-06	0.000114441	0.000113488	91.014
3.33788e-05	5.72207e-05	6.5804e-05	58.242
-2.47956e-05	0.000104905	0.000107766	103.362
-5.53133e-05	7.82018e-05	9.34605e-05	124.38
-7.62945e-06	7.53407e-05	7.62944e-05	97.986
-3.33788e-05	0.000138284	0.000142098	102.558
-7.24797e-05	0.00012684	0.000146867	121.812
-3.81472e-05	7.24797e-05	7.91554e-05	114.846
-3.14715e-05	6.77113e-05	7.05724e-05	114.774
-8.58313e-06	6.19893e-05	6.38966e-05	98.616
-4.95913e-05	0.000164033	0.000172616	105.582
-2.86103e-05	0.000114441	0.000118256	104.97
-8.39238e-05	7.53407e-05	0.000113488	138.282
-1.71663e-05	7.05724e-05	7.24797e-05	100.494
-7.1526e-05	0.000130654	0.000146867	119.028
-4.76839e-05	5.81744e-05	7.72481e-05	129.258
-2.6703e-05	6.96187e-05	7.43871e-05	111.516
-0.000107766	3.05178e-05	0.000112534	162.528
-3.71935e-05	0.00012684	0.000130654	105.102
-2.0981e-05	8.39238e-05	8.58312e-05	104.568
1.33515e-05	8.48775e-05	8.77385e-05	82.824
-1.52589e-05	0.00010109	0.000102997	96.942
-4.19619e-05	7.53407e-05	8.77385e-05	117.918
-2.00273e-05	6.00817e-05	6.38966e-05	111.036
-6.38966e-05	7.43871e-05	9.72752e-05	129.756
-3.05178e-05	8.10628e-05	8.58312e-05	109.122
-4.95913e-05	0.00012684	0.00013733	113.49
-2.76567e-05	0.00010109	0.000103951	101.238
-4.7684e-06	9.82289e-05	9.72752e-05	90.39
-2.47956e-05	9.82289e-05	0.000100136	110.598
-0.000108719	3.33788e-05	0.000113488	160.824
-6.19893e-05	8.67848e-05	0.000107766	123.882
6.67575e-06	3.05178e-05	3.14715e-05	66.162
8.58312e-05	0.000103951	0.000134469	50.85
7.72481e-05	2.47956e-05	7.91554e-05	19.656
9.05995e-05	0.00016594	0.000186921	61.242
1.90736e-05	6.19893e-05	6.38966e-05	74.796
7.1526e-05	2.9564e-05	7.43871e-05	22.662
-3.14715e-05	-0.00016594	0.00016594	-100.266
2.6703e-05	-6.96187e-05	7.24797e-05	-67.704
6.67575e-06	6.67575e-06	1.14442e-05	55.494
1.71663e-05	1.71663e-05	2.57493e-05	40.764
5.72207e-05	3.81473e-06	5.72207e-05	3.942
2.6703e-05	1.04905e-05	2.57493e-05	24.57
1.90736e-05	-2.0981e-05	2.86103e-05	-45.936
3.05178e-05	-3.33788e-05	4.57766e-05	-46.194
3.52862e-05	2.86104e-06	3.52862e-05	5.388
1.23978e-05	2.9564e-05	3.24252e-05	66.036
3.24252e-05	3.24252e-05	4.19619e-05	47.604
1.33515e-05	5.72208e-06	1.52589e-05	23.202
2.57493e-05	2.86103e-05	3.71935e-05	50.712
0.0	1.52589e-05	1.43052e-05	87.276
2.19346e-05	5.72208e-06	2.19346e-05	18.972
3.81473e-06	-6.67575e-06	8.58313e-06	-39.804
1.62126e-05	-5.43597e-05	5.72207e-05	-69.678
5.72207e-05	2.86104e-06	5.6267e-05	3.408
4.19619e-05	-1.04905e-05	4.29156e-05	-14.472
-4.7684e-06	-2.86104e-06	5.72208e-06	-161.568
4.48229e-05	1.23978e-05	4.86376e-05	15.186
1.52589e-05	2.86104e-06	1.43052e-05	14.034
-4.7684e-06	1.04905e-05	1.23978e-05	117.9
1.52589e-05	7.62945e-06	1.90736e-05	21.45
9.5368e-06	-9.5368e-06	1.23978e-05	-38.16
2.57493e-05	1.90736e-05	3.24252e-05	39.372
1.52589e-05	3.05178e-05	3.24252e-05	64.488
7.62945e-06	-4.7684e-06	1.04905e-05	-25.02
2.3842e-05	3.24252e-05	4.00546e-05	53.694
4.38693e-05	6.67575e-06	4.38693e-05	9.324
2.19346e-05	-2.86104e-06	2.0981e-05	-5.358
3.52862e-05	3.24252e-05	4.76839e-05	42.168
4.86376e-05	9.5368e-06	5.0545e-05	12.936
3.24252e-05	7.62945e-06	3.33788e-05	7.968
2.19346e-05	-3.05178e-05	3.52862e-05	-56.61
3.91009e-05	1.14442e-05	3.91009e-05	16.608
-9.53682e-07	0.0	3.81473e-06	172.878
4.7684e-06	-3.81473e-06	8.58313e-06	-12.996
-1.71663e-05	-2.0981e-05	2.47956e-05	-128.418
2.00273e-05	3.05178e-05	3.71935e-05	58.86
-6.67575e-06	4.76839e-05	4.86376e-05	98.688
2.19346e-05	3.43325e-05	4.19619e-05	52.044
3.14715e-05	2.9564e-05	4.19619e-05	45.642
1.14442e-05	-9.53682e-07	1.23978e-05	0.0
2.57493e-05	9.53682e-07	2.6703e-05	1.398
6.5804e-05	9.5368e-06	6.67577e-05	8.532
4.86376e-05	-1.04905e-05	4.86376e-05	-13.284
3.05178e-05	-1.14442e-05	3.24252e-05	-22.008
9.5368e-06	2.00273e-05	2.28883e-05	73.608
8.58313e-06	-3.81473e-06	1.04905e-05	-17.352
-2.47956e-05	-2.19346e-05	3.24252e-05	-139.146
5.9128e-05	0.0	5.81744e-05	3.9
2.28883e-05	-1.04905e-05	2.47956e-05	-23.202
1.90736e-05	2.19346e-05	2.86103e-05	52.35
1.43052e-05	3.43325e-05	3.71935e-05	65.298
1.14442e-05	3.33788e-05	3.52862e-05	68.196
4.00546e-05	2.3842e-05	4.86376e-05	32.172
5.0545e-05	3.71935e-05	6.19893e-05	36.996
-4.7684e-06	-9.5368e-06	8.58313e-06	-118.608
1.23978e-05	1.71663e-05	2.0981e-05	61.824
0.0	-9.53682e-07	0.0	0.0
-1.62126e-05	4.57766e-05	4.86376e-05	104.418
1.23978e-05	2.00273e-05	2.28883e-05	61.26
2.9564e-05	4.38693e-05	5.3406e-05	57.846
2.9564e-05	3.91009e-05	4.86376e-05	54.372
1.90736e-05	1.71663e-05	2.6703e-05	31.704
5.24523e-05	-9.53682e-07	5.0545e-05	0.0
3.52862e-05	5.72208e-06	3.52862e-05	10.008
4.7684e-06	1.14442e-05	1.23978e-05	63.438
4.57766e-05	1.90736e-06	4.57766e-05	5.628
-1.62126e-05	4.95913e-05	5.3406e-05	110.64
-4.67303e-05	8.58313e-06	4.86376e-05	168.54
-2.9564e-05	2.76567e-05	3.81472e-05	135.0
2.57493e-05	3.05178e-05	3.91009e-05	47.07
4.86376e-05	1.04905e-05	4.86376e-05	16.476
3.52862e-05	-9.5368e-06	3.33788e-05	-18.432
-7.62945e-06	1.90736e-06	8.58313e-06	168.69
1.90736e-05	-3.62399e-05	4.00546e-05	-59.676
9.5368e-06	-1.14442e-05	1.52589e-05	-43.152
0.0	-1.43052e-05	1.33515e-05	-79.218
-1.90736e-06	3.14715e-05	3.14715e-05	92.436
2.86104e-06	3.81473e-06	5.72208e-06	33.69
3.52862e-05	8.58313e-06	3.81472e-05	13.572
3.24252e-05	9.53682e-07	2.9564e-05	0.0
1.90736e-06	1.23978e-05	1.33515e-05	82.566
-8.58313e-06	2.3842e-05	2.3842e-05	110.376
1.23978e-05	-1.52589e-05	2.00273e-05	-52.764
3.05178e-05	-6.00817e-05	6.38966e-05	-62.892
3.33788e-05	-7.62945e-06	3.71935e-05	-13.572
5.3406e-05	-2.28883e-05	5.72207e-05	-21.18
2.3842e-05	9.5368e-06	2.47956e-05	23.202
1.71663e-05	1.62126e-05	2.3842e-05	38.418
4.19619e-05	-2.86104e-06	4.10082e-05	-3.75
-2.86104e-06	5.72208e-06	5.72208e-06	122.004
1.33515e-05	2.57493e-05	3.14715e-05	55.668
6.10356e-05	-2.0981e-05	6.48503e-05	-18.432
4.19619e-05	-1.71663e-05	4.38693e-05	-22.62
1.71663e-05	-3.81473e-06	1.62126e-05	-11.31
2.6703e-05	-1.62126e-05	3.24252e-05	-27.072
3.71935e-05	-1.62126e-05	4.00546e-05	-20.226
4.38693e-05	-2.6703e-05	5.0545e-05	-31.218
5.0545e-05	3.81473e-06	5.0545e-05	6.09
1.14442e-05	-9.53682e-07	1.04905e-05	11.31
1.43052e-05	3.62399e-05	3.91009e-05	68.196
2.57493e-05	2.6703e-05	3.71935e-05	39.936
2.57493e-05	-1.71663e-05	2.9564e-05	-35.094
2.6703e-05	1.62126e-05	3.24252e-05	26.052
9.5368e-06	-1.43052e-05	1.71663e-05	-55.716
-3.81473e-06	-1.71663e-05	1.52589e-05	-92.724
1.90736e-06	1.04905e-05	1.04905e-05	63.438
1.23978e-05	7.62945e-06	1.52589e-05	26.562
-6.67575e-06	-2.86104e-06	5.72208e-06	-173.658
1.33515e-05	1.62126e-05	2.19346e-05	47.49
3.81473e-06	-2.86104e-06	4.7684e-06	-39.804
4.57766e-05	5.72208e-06	4.76839e-05	8.688
1.43052e-05	-1.81199e-05	2.28883e-05	-45.0
1.71663e-05	3.24252e-05	3.62399e-05	62.97
-1.04905e-05	-1.14442e-05	1.43052e-05	-135.0
-4.7684e-06	-3.71935e-05	3.62399e-05	-97.254
-5.72208e-06	-2.86104e-06	3.81473e-06	-128.658
1.62126e-05	-2.3842e-05	2.86103e-05	-53.88
3.05178e-05	-2.9564e-05	4.00546e-05	-42.93
5.72208e-06	-1.33515e-05	1.23978e-05	-69.774
2.57493e-05	2.86104e-06	2.76567e-05	6.63
5.72208e-06	-1.62126e-05	1.52589e-05	-73.074
5.72208e-06	-1.90736e-05	1.71663e-05	-72.252
7.62945e-06	-2.6703e-05	2.86103e-05	-64.59
-6.67575e-06	-1.14442e-05	1.23978e-05	-126.252
2.0981e-05	-2.57493e-05	3.43325e-05	-48.096
2.86103e-05	8.58313e-06	3.05178e-05	18.432
2.3842e-05	1.23978e-05	2.3842e-05	22.752
2.00273e-05	-9.5368e-06	2.19346e-05	-20.772
2.9564e-05	-2.86104e-06	3.05178e-05	0.0
1.23978e-05	-5.72208e-06	1.23978e-05	-20.226
2.00273e-05	-9.53682e-07	1.81199e-05	-6.342
2.00273e-05	2.19346e-05	3.05178e-05	45.882
5.3406e-05	-1.43052e-05	5.6267e-05	-15.486
2.28883e-05	7.62945e-06	2.28883e-05	18.972
-1.81199e-05	5.72208e-06	1.90736e-05	159.678
1.90736e-05	1.81199e-05	3.05178e-05	37.566
3.43325e-05	-2.0981e-05	4.00546e-05	-32.4
2.19346e-05	-2.00273e-05	2.57493e-05	-42.882
1.04905e-05	8.58313e-06	1.71663e-05	27.474
3.81473e-06	8.58313e-06	8.58313e-06	61.392
8.58313e-06	-3.71935e-05	3.71935e-05	-76.932
9.5368e-06	-1.62126e-05	1.71663e-05	-60.252
9.5368e-06	-9.53682e-07	8.58313e-06	0.0
-4.7684e-06	-1.33515e-05	1.23978e-05	-93.012
1.81199e-05	-2.28883e-05	2.6703e-05	-54.294
5.43597e-05	-4.7684e-06	5.6267e-05	-5.976
1.23978e-05	-7.62945e-06	1.23978e-05	-19.44
1.90736e-05	-4.7684e-06	2.0981e-05	-14.472
2.86103e-05	-2.86104e-06	2.86103e-05	0.0
2.3842e-05	1.90736e-05	3.05178e-05	37.116
1.52589e-05	-2.6703e-05	3.05178e-05	-58.626
2.19346e-05	-7.62945e-06	2.19346e-05	-19.536
-8.58313e-06	-3.81473e-06	8.58313e-06	-160.344
1.90736e-05	-1.33515e-05	2.3842e-05	-23.202
4.7684e-06	1.90736e-05	1.90736e-05	90.0
0.0	-9.5368e-06	7.62945e-06	-79.692
-2.19346e-05	3.81473e-06	2.19346e-05	175.098
2.9564e-05	-3.62399e-05	4.76839e-05	-46.668
5.0545e-05	-3.81473e-06	4.76839e-05	-4.83
3.33788e-05	-2.76567e-05	4.38693e-05	-38.256
1.71663e-05	-5.6267e-05	5.9128e-05	-71.364
-1.33515e-05	-5.14986e-05	5.14986e-05	-104.034
1.23978e-05	-3.81472e-05	3.91009e-05	-68.196
1.81199e-05	-3.91009e-05	4.29156e-05	-66.57
2.0981e-05	-4.7684e-06	2.00273e-05	-5.526
4.67303e-05	-8.58313e-06	4.67303e-05	-8.928
-4.7684e-06	4.57766e-05	4.57766e-05	99.06
-2.00273e-05	1.52589e-05	2.28883e-05	139.968
2.86104e-06	-4.7684e-06	5.72208e-06	-53.13
2.3842e-05	-3.14715e-05	3.91009e-05	-50.904
1.90736e-05	-1.33515e-05	2.19346e-05	-40.032
4.19619e-05	-2.57493e-05	4.86376e-05	-31.356
1.71663e-05	-4.29156e-05	4.48229e-05	-68.04
-1.62126e-05	-2.00273e-05	2.28883e-05	-128.928
1.71663e-05	1.52589e-05	2.47956e-05	35.364
2.00273e-05	-1.33515e-05	2.3842e-05	-30.144
3.24252e-05	1.04905e-05	3.71935e-05	18.12
3.05178e-05	1.33515e-05	3.33788e-05	25.02
3.81472e-05	6.67575e-06	3.91009e-05	11.31
6.67575e-06	2.00273e-05	2.0981e-05	84.474
-3.81472e-05	-6.67575e-06	3.81472e-05	-169.878
-1.43052e-05	1.23978e-05	1.71663e-05	131.82
2.00273e-05	1.23978e-05	2.3842e-05	23.202
-9.5368e-06	-4.7684e-06	1.04905e-05	-163.608
1.52589e-05	7.62945e-06	1.62126e-05	25.56
1.71663e-05	-1.81199e-05	2.57493e-05	-50.016
2.19346e-05	-4.10082e-05	4.57766e-05	-56.544
5.24523e-05	-2.3842e-05	6.10356e-05	-22.806
3.24252e-05	-2.28883e-05	3.71935e-05	-33.114
4.10082e-05	-2.86104e-06	4.19619e-05	-4.536
1.14442e-05	-2.86104e-06	1.04905e-05	-10.008
-3.33788e-05	6.67575e-06	3.05178e-05	166.266
3.33788e-05	-2.0981e-05	3.91009e-05	-32.106
2.86103e-05	-2.47956e-05	3.62399e-05	-38.334
2.19346e-05	-3.33788e-05	3.91009e-05	-60.378
1.52589e-05	8.58313e-06	1.90736e-05	28.302
4.67303e-05	-9.5368e-06	4.76839e-05	-12.264
2.86104e-06	-6.67575e-06	6.67575e-06	-66.036
1.52589e-05	2.19346e-05	2.57493e-05	57.528
-2.9564e-05	-2.9564e-05	4.10082e-05	-131.712
4.19619e-05	-3.33788e-05	5.3406e-05	-37.566
3.62399e-05	-3.81473e-06	3.33788e-05	-5.712
1.04905e-05	2.00273e-05	2.3842e-05	61.392
4.76839e-05	2.47956e-05	5.3406e-05	24.036
1.90736e-05	1.52589e-05	2.57493e-05	39.096
2.28883e-05	9.53682e-07	2.19346e-05	3.576
-5.72208e-06	-1.52589e-05	1.62126e-05	-109.8
-3.81473e-06	-1.90736e-05	1.81199e-05	-90.0
3.91009e-05	-1.62126e-05	4.19619e-05	-21.3
1.71663e-05	8.58313e-06	1.71663e-05	31.758
-8.58313e-06	-4.48229e-05	4.38693e-05	-96.24
1.52589e-05	-2.9564e-05	3.14715e-05	-67.284
1.90736e-05	-5.72208e-06	1.71663e-05	-25.56
1.90736e-06	1.90736e-05	2.00273e-05	77.274
-1.14442e-05	-0.000142098	0.000144006	-92.85
8.77385e-05	1.62126e-05	8.77385e-05	14.034
8.39238e-05	7.43871e-05	0.00011158	42.828
3.14715e-05	0.00012684	0.000132562	76.728
2.28883e-05	6.10356e-05	6.5804e-05	71.202
5.43597e-05	5.53133e-05	7.91554e-05	44.01
4.57766e-05	5.0545e-05	6.48503e-05	50.964
4.57766e-05	3.81473e-06	4.76839e-05	6.936
0.00015545	5.24523e-05	0.000164033	17.478
0.00011158	1.33515e-05	0.000114441	7.488
9.91826e-05	6.19893e-05	0.000120163	33.516
2.86104e-06	7.53407e-05	7.53407e-05	82.374
2.76567e-05	0.000110627	0.000115395	75.09
0.000114441	0.00010109	0.00015545	39.27
0.000124932	9.44142e-05	0.000158311	36.678
0.000102044	0.00010109	0.000145913	44.082
0.000116349	2.6703e-05	0.000117302	11.502
3.52862e-05	2.9564e-05	4.57766e-05	35.838
0.000108719	5.43597e-05	0.000123979	27.774
8.10628e-05	0.000114441	0.000138284	56.232
9.72752e-05	8.20165e-05	0.000124932	38.61
0.000123979	5.53133e-05	0.000136376	23.964
0.000144959	4.38693e-05	0.000148774	18.108
0.000116349	2.6703e-05	0.00011921	15.282
4.57766e-05	7.72481e-05	8.96459e-05	59.256
8.77385e-05	6.48503e-05	0.000112534	36.342
0.000152589	0.000132562	0.00020218	40.314
0.000135423	0.000118256	0.000179292	41.832
4.19619e-05	8.20165e-05	9.05995e-05	62.676
6.77113e-05	4.76839e-05	8.48775e-05	33.438
7.43871e-05	0.000136376	0.000156404	62.142
8.58312e-05	0.000127793	0.000154496	56.04
8.58313e-06	0.000114441	0.000114441	87.336
3.62399e-05	-4.7684e-06	3.71935e-05	-7.002
7.43871e-05	5.81744e-05	9.44142e-05	40.212
7.91554e-05	1.23978e-05	8.20165e-05	7.806
6.77113e-05	-6.67575e-06	7.05724e-05	-5.928
4.86376e-05	-1.71663e-05	5.0545e-05	-17.49
0.000102997	5.43597e-05	0.000117302	30.468
5.72207e-05	0.000214578	0.000222207	76.956
8.39238e-05	0.000112534	0.000139237	52.632
0.000123979	0.000143052	0.00019455	48.288
8.86922e-05	0.000205995	0.000224114	67.692
7.91554e-05	7.43871e-05	0.000112534	38.61
8.77385e-05	5.43597e-05	0.000106812	33.402
4.86376e-05	0.000106812	0.00011921	63.72
4.76839e-05	3.91009e-05	6.19893e-05	32.136
5.6267e-05	-2.86104e-06	5.53133e-05	-0.672
5.0545e-05	9.82289e-05	0.000110627	65.442
-1.14442e-05	1.52589e-05	1.90736e-05	126.468
4.7684e-06	5.0545e-05	5.0545e-05	81.546
1.33515e-05	-2.9564e-05	3.14715e-05	-63.438
1.04905e-05	1.04905e-05	1.81199e-05	42.276
3.52862e-05	8.39238e-05	9.25069e-05	68.274
9.25069e-05	5.14986e-05	0.000103951	29.88
-1.52589e-05	0.000114441	0.000117302	97.164
0.000105858	0.000127793	0.000167848	49.008
4.38693e-05	5.9128e-05	6.77113e-05	56.634
2.57493e-05	4.67303e-05	5.53133e-05	61.338
6.67577e-05	3.62399e-05	7.82018e-05	27.624
6.38966e-05	7.82018e-05	9.91826e-05	51.096
1.62126e-05	2.9564e-05	3.52862e-05	52.494
9.25069e-05	-3.14715e-05	0.000103951	-18.21
7.43871e-05	0.000105858	0.000129701	58.734
3.24252e-05	0.000102997	0.000106812	73.026
0.000131608	3.71935e-05	0.000130654	15.822
0.000116349	7.34334e-05	0.000136376	32.598
0.000146867	8.20165e-05	0.000164987	30.846
0.000153542	0.000107766	0.000185967	34.602
9.05995e-05	4.95913e-05	0.000102997	27.066
1.62126e-05	4.29156e-05	4.57766e-05	70.02
4.38693e-05	0.000107766	0.000114441	70.728
4.48229e-05	8.86922e-05	0.000100136	62.418
6.48503e-05	9.25069e-05	0.000112534	55.74
4.95913e-05	3.05178e-05	6.38966e-05	27.084
6.2943e-05	8.39238e-05	0.000103951	55.698
8.01091e-05	0.000166894	0.000183106	64.284
5.72207e-05	9.44142e-05	0.000110627	61.746
9.34605e-05	8.77385e-05	0.000125886	43.5
-1.43052e-05	0.000125886	0.000125886	97.014
7.05724e-05	9.44142e-05	0.000118256	50.934
2.3842e-05	9.25069e-05	9.72752e-05	72.3
0.000107766	6.8665e-05	0.000131608	31.458
7.43871e-05	4.86376e-05	8.77385e-05	32.37
0.000103951	9.05995e-05	0.000141145	40.08
0.000152589	0.00010109	0.000182153	32.7
5.0545e-05	6.2943e-05	7.62944e-05	57.45
0.000104905	4.38693e-05	0.000116349	20.94
6.5804e-05	0.000156404	0.000167848	69.552
6.8665e-05	9.25069e-05	0.000118256	50.232
0.000135423	4.19619e-05	0.000144006	16.596
7.24797e-05	4.00546e-05	8.20165e-05	30.726
7.24797e-05	0.000112534	0.000140191	53.658
0.00011921	0.00011921	0.000163079	45.0
0.00011921	0.000145913	0.000191689	50.598
9.15532e-05	9.53679e-05	0.000129701	45.84
9.44142e-05	8.77385e-05	0.000125886	44.562
1.71663e-05	0.000107766	0.000109673	82.788
2.57493e-05	8.48775e-05	8.96459e-05	74.34
4.95913e-05	5.72207e-05	7.05724e-05	46.638
2.28883e-05	-3.05178e-05	3.62399e-05	-45.0
6.67575e-06	3.05178e-05	3.14715e-05	76.83
2.28883e-05	8.58313e-06	2.3842e-05	18.432
6.10356e-05	-8.58313e-06	6.00817e-05	-8.406
3.24252e-05	-1.14442e-05	3.43325e-05	-16.392
3.14715e-05	2.86104e-06	2.9564e-05	7.764
1.90736e-05	-2.47956e-05	3.05178e-05	-51.144
-3.81473e-06	1.23978e-05	1.23978e-05	106.698
8.58313e-06	-4.38693e-05	4.48229e-05	-74.388
2.00273e-05	-2.86103e-05	3.33788e-05	-52.908
1.23978e-05	2.19346e-05	2.6703e-05	54.462
4.86376e-05	1.90736e-06	4.95913e-05	3.054
1.14442e-05	1.90736e-05	2.19346e-05	57.804
3.81473e-06	2.76567e-05	2.86103e-05	80.754
4.00546e-05	2.00273e-05	4.48229e-05	26.19
3.05178e-05	1.23978e-05	3.24252e-05	19.884
2.86103e-05	8.58313e-06	2.86103e-05	18.006
1.90736e-05	-2.6703e-05	3.43325e-05	-47.232
1.81199e-05	-1.04905e-05	2.19346e-05	-21.162
2.3842e-05	1.23978e-05	2.76567e-05	26.562
-1.43052e-05	1.71663e-05	2.19346e-05	130.032
1.71663e-05	-1.81199e-05	2.57493e-05	-41.058
-2.86104e-06	-6.67575e-06	5.72208e-06	-83.658
1.90736e-06	-2.28883e-05	2.19346e-05	-84.804
-1.33515e-05	-2.47956e-05	2.57493e-05	-117.258
3.71935e-05	2.57493e-05	4.76839e-05	32.346
4.38693e-05	8.58313e-06	4.19619e-05	12.726
3.14715e-05	1.90736e-06	3.24252e-05	4.668
9.5368e-06	2.57493e-05	2.86103e-05	69.444
3.81473e-06	1.90736e-06	3.81473e-06	-8.13
4.57766e-05	3.62399e-05	5.9128e-05	37.65
5.72208e-06	-3.14715e-05	3.24252e-05	-81.87
5.0545e-05	-9.5368e-06	5.43597e-05	-8.904
4.38693e-05	1.81199e-05	4.86376e-05	22.794
1.81199e-05	1.14442e-05	2.00273e-05	37.236
-9.5368e-06	-4.7684e-06	8.58313e-06	-155.556
0.0	-3.81473e-06	2.86104e-06	-104.034
1.90736e-05	2.86103e-05	3.43325e-05	55.098
4.7684e-06	2.6703e-05	2.76567e-05	85.914
-1.33515e-05	4.48229e-05	4.67303e-05	105.612
-6.67575e-06	4.00546e-05	4.00546e-05	101.496
-4.7684e-06	-1.04905e-05	1.04905e-05	-112.38
-6.67575e-06	1.23978e-05	1.62126e-05	109.8
-3.71935e-05	-1.23978e-05	3.91009e-05	-163.662
-3.81473e-06	1.81199e-05	1.90736e-05	84.096
2.19346e-05	0.0	2.28883e-05	-3.27
8.58313e-06	-4.76839e-05	4.76839e-05	-81.072
9.5368e-06	-2.86104e-06	1.23978e-05	-8.13
5.53133e-05	1.43052e-05	5.53133e-05	16.23
3.81473e-06	-5.72208e-06	5.72208e-06	-84.288
4.57766e-05	-2.6703e-05	5.53133e-05	-28.392
4.76839e-05	-2.19346e-05	5.24523e-05	-23.388
5.24523e-05	-2.86104e-06	5.24523e-05	-1.434
2.9564e-05	3.81473e-06	2.86103e-05	1.332
-2.00273e-05	-8.58313e-06	1.90736e-05	-159.678
2.0981e-05	0.0	2.19346e-05	3.366
3.24252e-05	-3.81473e-06	3.14715e-05	-7.272
2.57493e-05	2.57493e-05	3.52862e-05	46.506
1.04905e-05	1.23978e-05	1.71663e-05	52.308
3.81472e-05	-2.86104e-06	3.52862e-05	-3.366
1.81199e-05	2.6703e-05	3.33788e-05	59.826
9.5368e-06	2.9564e-05	3.05178e-05	73.542
1.23978e-05	-2.9564e-05	3.05178e-05	-66.798
-2.9564e-05	-8.58313e-06	2.9564e-05	-166.266
4.10082e-05	-3.81473e-06	3.91009e-05	-4.764
3.24252e-05	-9.5368e-06	3.24252e-05	-13.446
1.90736e-06	1.33515e-05	1.52589e-05	72.348
2.00273e-05	6.67575e-06	2.19346e-05	15.708
3.81473e-06	0.0	3.81473e-06	8.13
-5.72208e-06	-9.53682e-07	3.81473e-06	-171.87
2.28883e-05	-1.33515e-05	2.76567e-05	-27.18
1.71663e-05	2.86103e-05	3.24252e-05	61.86
-1.33515e-05	8.58313e-06	1.62126e-05	149.418
1.90736e-05	4.38693e-05	4.76839e-05	66.282
4.76839e-05	1.14442e-05	4.86376e-05	16.26
2.86103e-05	3.33788e-05	4.38693e-05	48.732
5.72207e-05	-2.47956e-05	6.2943e-05	-23.124
2.19346e-05	9.5368e-06	2.19346e-05	25.77
1.90736e-06	0.0	3.81473e-06	-7.122
5.72208e-06	-3.33788e-05	3.24252e-05	-86.424
-2.9564e-05	-9.53682e-07	2.57493e-05	-178.53
2.19346e-05	1.90736e-05	2.86103e-05	42.186
1.90736e-05	2.76567e-05	3.24252e-05	51.708
2.0981e-05	-1.23978e-05	2.28883e-05	-33.234
3.62399e-05	-1.23978e-05	3.81472e-05	-15.948
1.71663e-05	2.3842e-05	3.05178e-05	53.88
-9.5368e-06	8.58313e-06	1.23978e-05	137.118
-2.19346e-05	1.33515e-05	2.3842e-05	147.654
-6.67575e-06	1.71663e-05	1.81199e-05	104.532
-6.67575e-06	1.04905e-05	1.23978e-05	124.506
2.00273e-05	-3.81473e-06	2.19346e-05	-12.876
1.04905e-05	3.81473e-06	1.04905e-05	23.628
-2.86104e-06	1.81199e-05	1.71663e-05	100.884
2.57493e-05	-1.90736e-05	3.05178e-05	-34.38
2.19346e-05	-2.00273e-05	2.9564e-05	-42.276
8.58313e-06	-2.0981e-05	2.19346e-05	-69.864
3.24252e-05	1.90736e-06	3.24252e-05	5.712
-1.14442e-05	8.58313e-06	1.23978e-05	141.342
1.90736e-06	-1.04905e-05	9.5368e-06	-82.404
1.33515e-05	3.62399e-05	4.00546e-05	62.622
6.67575e-06	9.5368e-06	1.04905e-05	71.568
-1.04905e-05	2.86104e-06	1.04905e-05	161.568
-3.62399e-05	-7.62945e-06	3.62399e-05	-172.614
1.62126e-05	7.62945e-06	1.90736e-05	24.774
-6.67575e-06	-1.81199e-05	1.90736e-05	-105.948
2.19346e-05	2.57493e-05	3.52862e-05	48.816
-7.62945e-06	0.0	9.5368e-06	-176.424
8.58313e-06	-1.62126e-05	1.81199e-05	-53.532
9.5368e-06	3.33788e-05	3.71935e-05	71.568
3.81473e-06	1.33515e-05	1.23978e-05	76.758
-3.05178e-05	-3.81473e-06	3.05178e-05	-173.928
-2.47956e-05	-1.43052e-05	2.57493e-05	-147.528
2.19346e-05	2.6703e-05	3.62399e-05	47.232
-1.43052e-05	2.19346e-05	2.47956e-05	119.934
2.0981e-05	2.6703e-05	3.33788e-05	54.06
3.91009e-05	-1.81199e-05	4.19619e-05	-25.74
1.71663e-05	-1.14442e-05	1.90736e-05	-38.046
2.3842e-05	-5.14986e-05	5.72207e-05	-65.178
-1.04905e-05	1.43052e-05	2.00273e-05	127.566
-1.33515e-05	4.48229e-05	4.57766e-05	103.428
2.6703e-05	-6.67575e-06	2.76567e-05	-12.678
2.28883e-05	1.23978e-05	2.57493e-05	29.748
1.71663e-05	3.81473e-06	1.81199e-05	16.506
5.14986e-05	6.67575e-06	5.24523e-05	10.308
4.19619e-05	1.14442e-05	4.38693e-05	15.102
0.0	-1.04905e-05	1.04905e-05	-81.03
2.00273e-05	-1.23978e-05	2.28883e-05	-28.74
3.71935e-05	1.71663e-05	4.19619e-05	27.798
2.19346e-05	1.90736e-05	2.9564e-05	39.642
4.38693e-05	3.91009e-05	5.72207e-05	42.672