X 	 Y 	 R 	 theta 
#With Preamplifier,Turning the emitter ZnTe, ZnTe detector angle dependance 40deg, Chopper inside probe 388Hz inside Pump 230Hz, time constant=0.3s 18dB, waiting time= 1s, sensitivity=20mV, position 7mm
4.10082e-05	0.000218392	0.000221253	79.806
3.62399e-05	0.00021267	0.000216485	80.076
5.24523e-05	0.000225068	0.000231744	75.966
6.8665e-05	0.000207902	0.000218392	72.228
5.53133e-05	0.000205041	0.000213624	74.838
2.57493e-05	0.000217439	0.000218392	83.352
3.24252e-05	0.000198365	0.000200273	80.226
5.24523e-05	0.000228883	0.000234605	77.064
4.48229e-05	0.000227929	0.000231744	78.72
4.86376e-05	0.000176431	0.000183106	74.196
4.38693e-05	0.00016594	0.000172616	74.628
3.62399e-05	0.000304224	0.000308039	83.226
1.23978e-05	0.000370981	0.000371935	88.26
1.62126e-05	0.000420572	0.000420572	87.744
1.90736e-05	0.000413897	0.00041485	87.33
2.47956e-05	0.00040436	0.000405313	86.52
-4.7684e-06	0.000409128	0.000410082	90.744
2.86103e-05	0.000413897	0.000413897	85.662
2.57493e-05	0.000435831	0.000437738	86.514
2.9564e-05	0.000432016	0.000433924	86.124
1.52589e-05	0.000424387	0.000424387	87.93
1.23978e-05	0.000411035	0.000411035	88.236
3.52862e-05	0.000397684	0.000399591	84.726
4.7684e-06	0.000407221	0.000407221	89.718
1.90736e-06	0.000438692	0.000437738	89.652
1.33515e-05	0.000437738	0.000438692	88.002
2.28883e-05	0.000448229	0.000449182	86.934
2.28883e-05	0.000453951	0.000453951	87.132
1.62126e-05	0.000453951	0.000453951	87.9
2.86103e-05	0.000444414	0.000445368	86.49
1.33515e-05	0.000457766	0.000457766	88.254
1.23978e-05	0.000465395	0.000465395	88.77
3.81473e-06	0.000462534	0.00046158	89.418
5.72208e-06	0.000458719	0.000460627	89.004
2.76567e-05	0.000468256	0.000468256	86.82
3.05178e-05	0.000447275	0.000447275	85.98
1.14442e-05	0.000452043	0.000452997	88.572
1.33515e-05	0.000470163	0.000470163	88.296
1.23978e-05	0.000504497	0.000504497	88.566
5.72208e-06	0.000503544	0.000504497	89.394
3.81473e-06	0.000687603	0.000690464	89.724
-3.62399e-05	0.00102902	0.00103379	92.058
-5.0545e-05	0.00115014	0.00115109	92.556
-8.01091e-05	0.00115681	0.00116063	93.918
-3.62399e-05	0.00116635	0.00116635	91.866
-5.24523e-05	0.0010624	0.00105763	92.688
9.5368e-06	0.000491146	0.000486376	88.494
2.9564e-05	0.000134469	0.000134469	76.674
3.62399e-05	0.0	3.62399e-05	-3.12
4.76839e-05	-7.62945e-06	4.86376e-05	-5.406
5.81744e-05	2.76567e-05	6.48503e-05	25.788
6.10356e-05	4.10082e-05	7.43871e-05	34.404
6.5804e-05	4.38693e-05	7.91554e-05	33.426
5.24523e-05	7.72481e-05	9.25069e-05	56.082
4.19619e-05	2.57493e-05	4.95913e-05	30.312
4.48229e-05	3.52862e-05	5.6267e-05	38.766
4.86376e-05	5.6267e-05	7.53407e-05	49.938
3.71935e-05	0.000180245	0.000185967	79.368
2.19346e-05	0.000232697	0.000232697	84.906
3.71935e-05	0.000231744	0.000234605	80.7
3.24252e-05	0.000236512	0.00023842	82.476
1.52589e-05	0.000267984	0.000267984	86.442
4.38693e-05	0.000273706	0.000277521	80.628
5.0545e-05	0.000271799	0.000276567	79.47
3.14715e-05	0.000360491	0.000362398	85.062
-9.53682e-07	0.000498775	0.000507358	90.294
-4.57766e-05	0.00108243	0.0010891	92.586
-6.2943e-05	0.00121499	0.00121594	92.982
-6.8665e-05	0.00122453	0.00122739	93.144
-5.81744e-05	0.0012312	0.00123215	92.784
-5.81744e-05	0.00119973	0.00119973	92.706
-6.5804e-05	0.00118924	0.00119115	93.078
-5.3406e-05	0.00119305	0.00119401	92.526
-5.24523e-05	0.00118256	0.00118352	92.484
-3.33788e-05	0.00116349	0.00116444	91.608
-2.6703e-05	0.00117589	0.00117589	91.236
-5.14986e-05	0.00116444	0.00116635	92.556
-5.3406e-05	0.00117017	0.00117112	92.58
-3.71935e-05	0.00115872	0.00115872	91.878
-3.24252e-05	0.00116063	0.00116158	91.608
-4.48229e-05	0.00116063	0.00116158	92.298
-5.6267e-05	0.00115395	0.00115491	92.748
-5.9128e-05	0.00109101	0.00109196	93.078
-4.29156e-05	0.00109483	0.00109578	92.232
-3.71935e-05	0.00111008	0.00111008	91.89
-3.33788e-05	0.000993736	0.000993736	91.884
-3.33788e-05	0.000956539	0.000956539	91.998
-5.3406e-05	0.000938419	0.000940327	93.162
-2.47956e-05	0.000916485	0.00091267	91.386
3.81473e-06	0.000544552	0.000541691	89.574
-6.67575e-06	0.000475885	0.000475885	90.642
7.62945e-06	0.000462534	0.000462534	88.932
5.72208e-06	0.0004797	0.0004797	89.124
1.04905e-05	0.00046921	0.00046921	88.782
6.67575e-06	0.000457766	0.000457766	89.082
5.72208e-06	0.000465395	0.000465395	89.262
3.05178e-05	0.000460627	0.000460627	86.274
1.90736e-05	0.00046921	0.000471117	87.654
9.5368e-06	0.000489239	0.000490192	88.908
1.90736e-05	0.000482561	0.000482561	87.702
5.72208e-06	0.000472071	0.000472071	89.112
1.90736e-06	0.000489239	0.000489239	89.61
1.52589e-05	0.000505451	0.000506405	88.116
8.58313e-06	0.000487329	0.000486376	89.136
8.58313e-06	0.000473024	0.000472071	88.95
2.3842e-05	0.000471117	0.000471117	86.76
2.47956e-05	0.000485422	0.000486376	87.246
1.14442e-05	0.00046921	0.00046921	88.782
-1.81199e-05	0.000454905	0.000454905	92.178
1.33515e-05	0.000460627	0.00046158	88.35
1.62126e-05	0.000476839	0.000477793	88.008
2.86103e-05	0.000471117	0.000470163	86.424
2.57493e-05	0.000478746	0.0004797	86.892
9.5368e-06	0.000476839	0.000477793	88.884
2.19346e-05	0.00046921	0.00046921	87.39
2.57493e-05	0.000463488	0.000464441	86.796
1.90736e-05	0.000463488	0.000464441	87.612
-7.62945e-06	0.0004921	0.0004921	90.852
-2.86104e-06	0.00046158	0.00046158	89.838
1.62126e-05	0.000470163	0.000471117	88.14
-4.7684e-06	0.000495914	0.000495914	90.384
-1.23978e-05	0.000494961	0.000495914	91.464
1.90736e-06	0.000496868	0.000495914	89.46
1.43052e-05	0.000467302	0.000467302	88.29
9.5368e-06	0.000480654	0.000480654	88.812
-2.86104e-06	0.000486376	0.000486376	90.39
2.86104e-06	0.000489239	0.000489239	89.61
-1.33515e-05	0.00046921	0.00046921	91.542
0.0	0.000494961	0.000494961	90.0
-1.90736e-06	0.000471117	0.000471117	90.078
1.23978e-05	0.000465395	0.000465395	88.278
9.5368e-06	0.000454905	0.000455858	88.83
1.52589e-05	0.000475885	0.000476839	88.164
5.72208e-06	0.000484468	0.000485422	89.37
-9.53682e-07	0.000473024	0.000472071	90.078
0.0	0.000478746	0.000478746	90.0
9.53682e-07	0.00050259	0.00050259	89.622
8.58313e-06	0.000472071	0.000473024	88.95
2.6703e-05	0.000480654	0.000481607	86.592
1.23978e-05	0.0004797	0.000480654	88.812
1.52589e-05	0.000493053	0.000493053	88.296
1.04905e-05	0.000478746	0.000477793	88.806
-1.33515e-05	0.00046921	0.000470163	91.62
9.5368e-06	0.000484468	0.000484468	88.662
-4.7684e-06	0.000499729	0.000501636	90.378
-7.62945e-06	0.000511173	0.000511173	90.822
1.14442e-05	0.000491146	0.000491146	88.602
1.71663e-05	0.000480654	0.000480654	87.858
8.58313e-06	0.000491146	0.000491146	88.992
2.57493e-05	0.000475885	0.000476839	86.964
1.04905e-05	0.000500683	0.000500683	88.704
2.86104e-06	0.000513081	0.000513081	89.628
-1.43052e-05	0.00050259	0.00050259	91.446
2.00273e-05	0.000515942	0.000515942	87.636
1.23978e-05	0.000476839	0.000476839	88.56
1.52589e-05	0.000464441	0.000464441	88.356
9.5368e-06	0.000495914	0.000495914	88.77
-4.7684e-06	0.000529293	0.000529293	90.648