Time (s) 	 Position (mm) 	 Delay (s) 	 X 	 Y 	 R 	 theta 
#Without Preamplifier,Fluence with Filter (None), ZnTe detector angle 40deg, Chopper 230Hz, time constant=0.3s 18dB, waiting time= 2.7s, sensitivity=20mV
3.6527	7.0	4.6699099999999995e-11	-5.9128e-05	9.5368e-06	5.9128e-05	171.594
6.9959	7.004	4.6725785199999993e-11	-5.6267e-05	1.90736e-05	5.9128e-05	161.16
10.2744	7.008	4.67524704e-11	-6.00817e-05	1.81199e-05	6.38966e-05	162.852
13.5687	7.012	4.6779155599999996e-11	-6.48503e-05	2.6703e-05	6.8665e-05	156.432
16.8476	7.016	4.68058408e-11	-5.53133e-05	6.67575e-06	5.53133e-05	172.362
20.1255	7.02	4.683252599999999e-11	-5.6267e-05	3.14715e-05	6.2943e-05	150.18
23.4049	7.024	4.68592112e-11	-6.19893e-05	1.04905e-05	6.19893e-05	169.302
26.6829	7.028	4.6885896399999995e-11	-4.48229e-05	1.90736e-06	4.29156e-05	178.236
29.9614	7.032	4.69125816e-11	-4.48229e-05	-3.81473e-06	4.38693e-05	-175.668
33.2402	7.036	4.693926679999999e-11	-6.19893e-05	1.71663e-05	6.38966e-05	164.052
36.5352	7.04	4.6965951999999997e-11	-6.5804e-05	1.90736e-05	6.5804e-05	161.568
39.8301	7.044	4.6992637199999995e-11	-5.72207e-05	1.90736e-06	5.72207e-05	178.668
43.1247	7.048	4.70193224e-11	-6.10356e-05	-6.67575e-06	5.9128e-05	-173.658
46.4026	7.052	4.70460076e-11	-6.8665e-05	2.86103e-05	7.43871e-05	157.068
49.6982	7.056	4.7072692799999996e-11	-5.9128e-05	-1.33515e-05	5.9128e-05	-167.946
53.2486	7.06	4.7099377999999994e-11	-5.3406e-05	1.23978e-05	5.43597e-05	168.006
56.5274	7.064	4.71260632e-11	-5.3406e-05	5.72208e-06	5.3406e-05	172.17
60.0612	7.068	4.71527484e-11	-6.8665e-05	2.3842e-05	7.24797e-05	159.444
63.3404	7.072	4.7179433599999995e-11	-6.38966e-05	2.3842e-05	6.77113e-05	159.636
66.6189	7.076	4.7206118799999993e-11	-5.6267e-05	2.76567e-05	6.00817e-05	152.304
69.9135	7.08	4.7232804e-11	-5.53133e-05	1.33515e-05	5.6267e-05	166.296
73.176	7.084	4.7259489199999996e-11	-3.81472e-05	2.00273e-05	4.29156e-05	151.458
76.4543	7.088	4.72861744e-11	-2.86103e-05	1.23978e-05	3.05178e-05	154.488
79.7335	7.092	4.731285959999999e-11	-4.67303e-05	1.81199e-05	5.0545e-05	157.782
83.0273	7.096	4.73395448e-11	-4.57766e-05	3.81473e-06	4.57766e-05	175.914
86.5628	7.1	4.7366229999999995e-11	-4.29156e-05	1.52589e-05	4.57766e-05	163.608
89.8412	7.104	4.73929152e-11	-3.05178e-05	8.58313e-06	3.05178e-05	164.748
93.3919	7.108	4.74196004e-11	-2.9564e-05	3.81472e-05	4.57766e-05	125.058
96.6701	7.112	4.7446285599999996e-11	-5.3406e-05	8.58313e-06	5.43597e-05	170.994
99.948	7.116	4.7472970799999995e-11	-5.9128e-05	1.62126e-05	6.00817e-05	164.142
103.2277	7.12	4.7499656e-11	-4.29156e-05	2.9564e-05	5.24523e-05	148.152
106.5061	7.124	4.75263412e-11	-4.86376e-05	1.04905e-05	4.95913e-05	166.89
109.7847	7.128	4.7553026399999996e-11	-5.81744e-05	0.0	5.72207e-05	179.346
113.0636	7.132	4.7579711599999994e-11	-4.76839e-05	-2.86104e-06	4.76839e-05	-177.648
116.3418	7.136	4.76063968e-11	-5.81744e-05	1.23978e-05	5.9128e-05	168.438
119.8766	7.14	4.7633081999999997e-11	-4.95913e-05	1.23978e-05	4.95913e-05	164.478
123.139	7.144	4.76597672e-11	-2.9564e-05	4.7684e-06	2.86103e-05	168.438
126.6897	7.148	4.768645239999999e-11	-4.48229e-05	0.0	4.19619e-05	179.076
129.9674	7.152	4.77131376e-11	-5.43597e-05	-4.7684e-06	5.43597e-05	-173.736
133.2466	7.156	4.7739822799999996e-11	-4.00546e-05	1.43052e-05	4.19619e-05	161.568
136.5095	7.16	4.7766508e-11	-6.00817e-05	1.33515e-05	6.00817e-05	166.722
139.788	7.164	4.779319319999999e-11	-5.0545e-05	1.33515e-05	5.24523e-05	166.308
143.0986	7.168	4.78198784e-11	-4.86376e-05	1.90736e-06	4.76839e-05	177.648
146.377	7.172	4.7846563599999995e-11	-3.62399e-05	8.58313e-06	3.62399e-05	167.244
149.6712	7.176	4.78732488e-11	-4.67303e-05	3.71935e-05	6.10356e-05	141.63
153.2225	7.18	4.7899934e-11	-5.3406e-05	-1.14442e-05	5.43597e-05	-168.006
156.5164	7.184	4.7926619199999996e-11	-6.2943e-05	2.57493e-05	6.77113e-05	156.432
160.0511	7.188	4.7953304399999995e-11	-3.05178e-05	1.71663e-05	3.43325e-05	150.948
163.3457	7.192	4.79799896e-11	-3.14715e-05	-1.33515e-05	3.43325e-05	-156.798
166.6248	7.196	4.80066748e-11	-4.48229e-05	1.90736e-05	4.86376e-05	156.9
169.9028	7.2	4.8033359999999996e-11	-4.57766e-05	-5.72208e-06	4.48229e-05	-172.35
173.1981	7.204	4.8060045199999994e-11	-6.5804e-05	1.71663e-05	6.67577e-05	163.896
176.4927	7.208	4.80867304e-11	-4.48229e-05	1.33515e-05	4.67303e-05	161.31
179.7705	7.212	4.8113415599999997e-11	-2.28883e-05	1.04905e-05	2.3842e-05	152.742
183.05	7.216	4.81401008e-11	-4.76839e-05	1.33515e-05	4.86376e-05	163.524
186.6003	7.22	4.816678599999999e-11	-3.81472e-05	1.23978e-05	3.91009e-05	161.568
189.8789	7.224	4.81934712e-11	-3.24252e-05	1.90736e-05	3.91009e-05	151.314
193.4296	7.228	4.8220156399999996e-11	-4.48229e-05	2.0981e-05	4.86376e-05	154.842
196.7078	7.232	4.82468416e-11	-6.2943e-05	5.72208e-06	6.19893e-05	174.534
200.0027	7.236	4.82735268e-11	-2.3842e-05	-2.47956e-05	3.24252e-05	-134.196
203.2812	7.24	4.8300212e-11	-5.24523e-05	-2.28883e-05	5.53133e-05	-155.898
206.5591	7.244	4.8326897199999995e-11	-3.33788e-05	8.58313e-06	3.52862e-05	165.702
209.8384	7.248	4.83535824e-11	-6.10356e-05	-9.53682e-07	5.9128e-05	-179.358
213.1171	7.252	4.83802676e-11	-5.24523e-05	2.6703e-05	5.9128e-05	153.15
216.3953	7.256	4.8406952799999996e-11	-1.14442e-05	9.53682e-07	1.04905e-05	173.292
219.6736	7.26	4.8433637999999994e-11	-4.19619e-05	-2.86104e-06	4.10082e-05	-179.058
222.9528	7.264	4.84603232e-11	-4.19619e-05	1.71663e-05	4.38693e-05	159.648
226.2317	7.268	4.84870084e-11	-4.67303e-05	1.23978e-05	4.67303e-05	164.388
229.5102	7.272	4.85136936e-11	-4.48229e-05	-5.72208e-06	4.29156e-05	-172.878
232.7891	7.276	4.8540378799999994e-11	-2.9564e-05	5.72208e-06	2.86103e-05	168.18
236.0828	7.28	4.8567064e-11	-2.28883e-05	2.3842e-05	3.43325e-05	132.708
239.3783	7.284	4.8593749199999997e-11	-4.29156e-05	8.58313e-06	4.38693e-05	167.664
242.6561	7.288	4.86204344e-11	-3.81472e-05	1.90736e-05	4.19619e-05	153.036
245.9356	7.292	4.86471196e-11	-3.14715e-05	1.90736e-06	3.05178e-05	176.346
249.2301	7.296	4.86738048e-11	-5.3406e-05	9.5368e-06	5.24523e-05	169.116
252.7804	7.3	4.8700489999999996e-11	-3.33788e-05	2.6703e-05	4.19619e-05	139.398
256.0752	7.304	4.87271752e-11	-4.38693e-05	2.86103e-05	5.24523e-05	146.706
259.6255	7.308	4.87538604e-11	-3.81472e-05	1.90736e-05	4.00546e-05	151.314
262.9043	7.312	4.87805456e-11	-4.29156e-05	1.14442e-05	4.29156e-05	164.664
266.1988	7.316	4.8807230799999995e-11	-6.38966e-05	2.3842e-05	6.5804e-05	157.65
269.7493	7.32	4.8833916e-11	-3.33788e-05	-1.90736e-06	3.24252e-05	180.0
273.028	7.324	4.88606012e-11	-5.0545e-05	-9.53682e-07	4.86376e-05	-179.226
276.5784	7.328	4.88872864e-11	-4.29156e-05	1.52589e-05	4.48229e-05	161.832
279.8563	7.332	4.8913971599999994e-11	-5.53133e-05	2.57493e-05	5.9128e-05	155.178
283.1357	7.336	4.89406568e-11	-2.9564e-05	2.47956e-05	3.81472e-05	142.122
286.414	7.34	4.8967342e-11	-4.48229e-05	1.33515e-05	4.48229e-05	162.096
289.6929	7.344	4.89940272e-11	-3.14715e-05	8.58313e-06	3.24252e-05	164.538
292.9714	7.348	4.9020712399999994e-11	-4.67303e-05	9.53682e-07	4.48229e-05	177.474
296.2664	7.352	4.90473976e-11	-4.00546e-05	5.72208e-06	4.00546e-05	170.538
299.5609	7.356	4.9074082799999996e-11	-2.28883e-05	2.47956e-05	3.24252e-05	131.73
303.1116	7.36	4.9100768e-11	-5.9128e-05	0.0	5.9128e-05	-179.364
306.3901	7.364	4.91274532e-11	-3.81472e-05	7.62945e-06	3.81472e-05	167.154
309.9403	7.368	4.91541384e-11	-2.76567e-05	2.00273e-05	3.33788e-05	142.224
313.2351	7.372	4.9180823599999996e-11	-5.6267e-05	5.72208e-06	5.72207e-05	174.024
316.5296	7.376	4.92075088e-11	-4.19619e-05	3.52862e-05	5.3406e-05	140.016
319.8083	7.38	4.9234194e-11	-1.62126e-05	1.90736e-05	2.47956e-05	130.764
323.0871	7.384	4.9260879199999997e-11	-1.71663e-05	1.04905e-05	2.00273e-05	152.652
326.365	7.388	4.9287564399999995e-11	-3.05178e-05	1.62126e-05	3.43325e-05	152.448
329.9161	7.392	4.93142496e-11	-4.00546e-05	2.19346e-05	4.38693e-05	149.49
333.1949	7.396	4.93409348e-11	-3.81472e-05	3.71935e-05	5.24523e-05	136.02
336.7444	7.4	4.936762e-11	-4.95913e-05	3.24252e-05	5.9128e-05	148.062
340.0398	7.404	4.9394305199999994e-11	-1.04905e-05	1.71663e-05	1.90736e-05	116.562
343.6062	7.408	4.94209904e-11	-4.76839e-05	8.58313e-06	4.86376e-05	168.234
346.9003	7.412	4.94476756e-11	-4.48229e-05	1.71663e-05	4.95913e-05	158.91
350.2116	7.416	4.94743608e-11	-3.24252e-05	1.14442e-05	3.52862e-05	158.808
353.5062	7.42	4.9501046e-11	-5.3406e-05	1.90736e-05	5.6267e-05	158.82
356.7848	7.424	4.95277312e-11	-2.6703e-05	1.62126e-05	3.24252e-05	149.826
360.0795	7.428	4.9554416399999996e-11	-3.33788e-05	1.90736e-05	3.71935e-05	148.86
363.3418	7.432	4.95811016e-11	-2.00273e-05	1.90736e-05	2.6703e-05	136.974
366.6203	7.436	4.96077868e-11	-4.67303e-05	2.19346e-05	5.0545e-05	155.07
370.1704	7.44	4.9634472e-11	-5.53133e-05	-1.04905e-05	5.24523e-05	-169.116
373.4336	7.444	4.9661157199999996e-11	-4.19619e-05	2.57493e-05	4.86376e-05	147.408
376.9841	7.448	4.96878424e-11	-3.62399e-05	2.19346e-05	4.19619e-05	147.6
380.2626	7.452	4.97145276e-11	-3.62399e-05	2.00273e-05	4.10082e-05	149.808
383.5571	7.456	4.97412128e-11	-4.00546e-05	3.24252e-05	5.0545e-05	140.292
386.8359	7.46	4.9767897999999995e-11	-5.24523e-05	-5.72208e-06	5.24523e-05	-173.58
390.1141	7.464	4.97945832e-11	-3.62399e-05	1.04905e-05	3.71935e-05	165.006
393.3927	7.468	4.98212684e-11	-3.71935e-05	1.90736e-05	4.19619e-05	153.84
396.6874	7.472	4.98479536e-11	-4.57766e-05	1.62126e-05	4.86376e-05	158.91
399.9812	7.476	4.9874638799999994e-11	-4.95913e-05	1.62126e-05	5.14986e-05	162.732
403.5324	7.48	4.9901324e-11	-2.9564e-05	6.67575e-06	2.86103e-05	163.302
406.8265	7.484	4.99280092e-11	-6.19893e-05	2.86103e-05	6.77113e-05	154.68
410.3933	7.488	4.99546944e-11	-4.00546e-05	4.7684e-06	3.81472e-05	174.096
413.6876	7.492	4.99813796e-11	-5.53133e-05	3.62399e-05	6.5804e-05	147.57
416.9824	7.496	5.00080648e-11	-5.14986e-05	1.71663e-05	5.3406e-05	159.114
420.2926	7.5	5.0034749999999996e-11	-2.28883e-05	8.58313e-06	2.3842e-05	159.078
423.603	7.504	5.0061435199999994e-11	-4.29156e-05	3.81473e-06	4.19619e-05	169.938
426.8984	7.508	5.00881204e-11	-2.00273e-05	2.3842e-05	3.05178e-05	129.804
430.1766	7.512	5.01148056e-11	-2.6703e-05	-2.86104e-06	2.57493e-05	-175.812
433.4711	7.516	5.0141490799999995e-11	-6.00817e-05	2.3842e-05	6.48503e-05	159.174
437.0376	7.52	5.0168175999999994e-11	-2.9564e-05	-9.53682e-07	2.9564e-05	-178.752
440.3166	7.524	5.01948612e-11	-3.43325e-05	2.6703e-05	4.19619e-05	140.082
443.8671	7.528	5.0221546399999997e-11	-4.19619e-05	1.81199e-05	4.38693e-05	155.772
447.1618	7.532	5.0248231599999995e-11	-3.33788e-05	9.5368e-06	3.24252e-05	164.538
450.4403	7.536	5.027491679999999e-11	-3.62399e-05	1.90736e-05	3.91009e-05	151.764
453.7342	7.54	5.0301602e-11	-3.05178e-05	2.3842e-05	3.81472e-05	140.574
457.0129	7.544	5.0328287199999996e-11	-4.00546e-05	1.23978e-05	4.00546e-05	161.568
460.308	7.548	5.03549724e-11	-2.6703e-05	1.71663e-05	3.05178e-05	144.606
463.9059	7.552	5.038165759999999e-11	-2.9564e-05	3.81473e-06	2.76567e-05	167.622
467.2162	7.556	5.04083428e-11	-4.00546e-05	4.57766e-05	6.10356e-05	130.602
470.7832	7.56	5.0435027999999995e-11	-2.76567e-05	1.81199e-05	3.24252e-05	146.634
474.0773	7.564	5.04617132e-11	-2.0981e-05	1.33515e-05	2.57493e-05	151.506
477.6439	7.568	5.04883984e-11	-4.00546e-05	1.52589e-05	4.19619e-05	159.024
480.9228	7.572	5.0515083599999996e-11	-2.6703e-05	1.90736e-05	3.24252e-05	143.13
484.2174	7.576	5.0541768799999994e-11	-2.6703e-05	9.53682e-07	2.57493e-05	178.494
487.4956	7.58	5.0568454e-11	-6.5804e-05	1.62126e-05	6.77113e-05	165.282
490.7741	7.584	5.05951392e-11	-3.33788e-05	1.23978e-05	3.43325e-05	157.992
494.0534	7.588	5.0621824399999995e-11	-4.00546e-05	2.86103e-05	4.76839e-05	142.968
497.6199	7.592	5.0648509599999994e-11	-4.19619e-05	1.33515e-05	4.29156e-05	162.96
500.914	7.596	5.06751948e-11	-4.57766e-05	1.90736e-05	4.86376e-05	155.556
504.4811	7.6	5.0701879999999996e-11	-1.81199e-05	1.90736e-06	1.71663e-05	169.116
507.7758	7.604	5.07285652e-11	-4.57766e-05	1.81199e-05	4.86376e-05	156.594
511.3577	7.608	5.075525039999999e-11	-2.9564e-05	2.86103e-05	4.10082e-05	133.698
514.6519	7.612	5.07819356e-11	-3.05178e-05	1.90736e-05	3.52862e-05	148.11
517.9312	7.616	5.0808620799999996e-11	-9.5368e-06	-9.5368e-06	1.23978e-05	-139.086
521.2255	7.62	5.0835306e-11	-2.76567e-05	8.58313e-06	2.86103e-05	161.994
524.5201	7.624	5.086199119999999e-11	-5.14986e-05	2.76567e-05	5.6267e-05	149.838
527.8149	7.628	5.0888676399999997e-11	-5.9128e-05	3.81473e-06	5.81744e-05	175.452
531.0932	7.632	5.0915361599999995e-11	-2.0981e-05	1.71663e-05	2.6703e-05	138.816
534.3719	7.636	5.09420468e-11	-3.14715e-05	2.0981e-05	3.71935e-05	148.524
537.9063	7.64	5.0968732e-11	-5.43597e-05	3.05178e-05	6.19893e-05	150.642
541.2009	7.644	5.0995417199999996e-11	-6.8665e-05	1.62126e-05	7.05724e-05	166.608
544.7678	7.648	5.1022102399999994e-11	-1.81199e-05	2.00273e-05	2.76567e-05	134.028
548.0625	7.652	5.10487876e-11	-3.05178e-05	1.52589e-05	3.33788e-05	152.928
551.3567	7.656	5.10754728e-11	-3.62399e-05	8.58313e-06	3.71935e-05	164.748
554.6349	7.66	5.1102157999999995e-11	-5.53133e-05	0.0	5.72207e-05	-178.68
557.9302	7.664	5.1128843199999993e-11	-3.81472e-05	1.52589e-05	4.00546e-05	156.426
561.2241	7.668	5.11555284e-11	-3.62399e-05	1.33515e-05	3.81472e-05	158.748
564.7746	7.672	5.1182213599999996e-11	-2.3842e-05	1.71663e-05	2.76567e-05	142.854
568.0537	7.676	5.12088988e-11	-3.33788e-05	3.62399e-05	4.86376e-05	132.324
571.6039	7.68	5.123558399999999e-11	-4.48229e-05	1.23978e-05	4.67303e-05	163.074
574.8822	7.684	5.12622692e-11	-4.29156e-05	1.90736e-05	4.57766e-05	155.622
578.4487	7.688	5.1288954399999996e-11	-4.95913e-05	1.90736e-05	5.24523e-05	157.272
581.7433	7.692	5.13156396e-11	-2.28883e-05	2.19346e-05	3.05178e-05	132.438
585.0227	7.696	5.13423248e-11	-4.29156e-05	2.47956e-05	4.86376e-05	149.304
588.317	7.7	5.1369009999999997e-11	-1.81199e-05	1.52589e-05	2.47956e-05	140.196
591.6116	7.704	5.1395695199999995e-11	-2.00273e-05	3.81473e-06	2.0981e-05	170.838
594.89	7.708	5.14223804e-11	-4.57766e-05	4.00546e-05	5.9128e-05	138.69
598.4407	7.712	5.14490656e-11	-2.28883e-05	1.71663e-05	2.86103e-05	142.884
601.7354	7.716	5.1475750799999996e-11	-3.71935e-05	2.00273e-05	4.19619e-05	151.032
605.2856	7.72	5.1502435999999994e-11	-3.33788e-05	1.62126e-05	3.71935e-05	154.8
608.5809	7.724	5.15291212e-11	-3.05178e-05	1.23978e-05	3.43325e-05	157.794
612.1307	7.728	5.15558064e-11	-3.62399e-05	4.19619e-05	5.3406e-05	127.878
615.4258	7.732	5.15824916e-11	-1.33515e-05	1.71663e-05	2.0981e-05	127.236
618.7204	7.736	5.1609176799999993e-11	3.81473e-06	3.81472e-05	3.91009e-05	83.232
621.9987	7.74	5.1635862e-11	-3.33788e-05	3.71935e-05	4.86376e-05	130.008
625.2774	7.744	5.1662547199999996e-11	-3.14715e-05	2.28883e-05	3.91009e-05	141.792
628.5565	7.748	5.16892324e-11	-2.0981e-05	1.71663e-05	2.6703e-05	140.016
632.1063	7.752	5.17159176e-11	-3.81472e-05	2.86103e-05	4.76839e-05	139.992
635.4011	7.756	5.17426028e-11	-1.62126e-05	1.71663e-05	2.28883e-05	132.612
638.6958	7.76	5.1769287999999995e-11	-1.43052e-05	4.38693e-05	4.57766e-05	107.652
641.9903	7.764	5.17959732e-11	0.0	1.90736e-06	1.90736e-06	71.568
645.541	7.768	5.18226584e-11	-3.33788e-05	1.90736e-05	3.91009e-05	150.378
648.8358	7.772	5.1849343599999997e-11	-2.28883e-05	1.23978e-05	2.3842e-05	148.494
652.1137	7.776	5.1876028799999995e-11	-4.67303e-05	1.90736e-05	4.86376e-05	157.32
655.3924	7.78	5.1902714e-11	-1.62126e-05	2.28883e-05	2.86103e-05	124.776
658.6872	7.784	5.19293992e-11	-2.3842e-05	1.62126e-05	2.86103e-05	142.35
661.9982	7.788	5.19560844e-11	-2.9564e-05	3.05178e-05	4.19619e-05	131.922
665.5484	7.792	5.1982769599999994e-11	-2.76567e-05	2.6703e-05	3.71935e-05	132.768
668.8433	7.796	5.20094548e-11	-4.48229e-05	1.62126e-05	4.48229e-05	160.236
672.3931	7.8	5.203614e-11	-2.00273e-05	-1.90736e-06	1.90736e-05	-174.288
675.688	7.804	5.20628252e-11	-1.62126e-05	2.57493e-05	2.9564e-05	118.812
679.2388	7.808	5.208951039999999e-11	-2.76567e-05	2.86103e-05	4.00546e-05	133.026
682.5332	7.812	5.21161956e-11	-2.00273e-05	4.19619e-05	4.57766e-05	116.94
685.8117	7.816	5.2142880799999996e-11	-5.6267e-05	6.67575e-06	5.72207e-05	172.056
689.1061	7.82	5.2169566e-11	-1.43052e-05	3.05178e-05	3.33788e-05	114.078
692.3853	7.824	5.21962512e-11	-5.14986e-05	3.14715e-05	5.9128e-05	147.726
695.6795	7.828	5.22229364e-11	-2.6703e-05	-9.5368e-06	2.86103e-05	-165.648
698.9747	7.832	5.2249621599999995e-11	-5.0545e-05	4.10082e-05	6.38966e-05	140.424
702.2525	7.836	5.22763068e-11	-5.14986e-05	2.47956e-05	5.6267e-05	154.044
705.5477	7.84	5.2302992e-11	-2.76567e-05	4.19619e-05	5.0545e-05	122.244
708.8259	7.844	5.2329677199999996e-11	-5.0545e-05	1.33515e-05	5.24523e-05	164.934
712.1211	7.848	5.2356362399999995e-11	-4.29156e-05	2.28883e-05	4.95913e-05	154.11
715.415	7.852	5.23830476e-11	-2.47956e-05	2.57493e-05	3.52862e-05	131.904
718.6943	7.856	5.24097328e-11	-1.81199e-05	1.90736e-05	2.76567e-05	132.09
721.9721	7.86	5.2436418e-11	-3.91009e-05	1.33515e-05	4.00546e-05	158.028
725.2668	7.864	5.2463103199999994e-11	-4.86376e-05	2.3842e-05	5.24523e-05	151.506
728.5616	7.868	5.24897884e-11	-3.62399e-05	2.86103e-05	4.57766e-05	141.984
731.8398	7.872	5.2516473599999997e-11	-2.6703e-05	9.53682e-07	2.6703e-05	178.602
735.1344	7.876	5.25431588e-11	-4.00546e-05	1.23978e-05	4.19619e-05	163.56
738.4292	7.88	5.2569844e-11	-3.14715e-05	2.00273e-05	3.81472e-05	145.494
741.7244	7.884	5.25965292e-11	-2.47956e-05	1.52589e-05	2.86103e-05	145.224
745.0025	7.888	5.2623214399999996e-11	-1.62126e-05	1.23978e-05	2.00273e-05	141.63
748.297	7.892	5.26498996e-11	-3.14715e-05	2.28883e-05	3.91009e-05	144.69
751.592	7.896	5.26765848e-11	-1.81199e-05	1.52589e-05	2.19346e-05	138.654
754.8863	7.9	5.270327e-11	-2.9564e-05	8.58313e-06	3.05178e-05	162.72
758.1655	7.904	5.2729955199999995e-11	-3.14715e-05	2.6703e-05	4.29156e-05	138.732
761.4594	7.908	5.27566404e-11	-2.47956e-05	2.19346e-05	3.05178e-05	135.0
764.7545	7.912	5.27833256e-11	-3.71935e-05	3.81473e-06	3.62399e-05	172.746
768.0325	7.916	5.28100108e-11	-4.7684e-06	2.28883e-05	2.3842e-05	98.364
771.296	7.92	5.2836695999999994e-11	-2.28883e-05	2.3842e-05	3.24252e-05	133.362
774.5899	7.924	5.28633812e-11	-3.62399e-05	8.58313e-06	3.71935e-05	166.704
777.8847	7.928	5.28900664e-11	-1.71663e-05	2.3842e-05	2.9564e-05	124.044
781.1797	7.932	5.29167516e-11	-1.62126e-05	8.58313e-06	1.90736e-05	143.844
784.4736	7.936	5.2943436799999994e-11	-4.10082e-05	1.71663e-05	4.48229e-05	157.572
787.7529	7.94	5.2970122e-11	-2.0981e-05	5.81744e-05	6.19893e-05	109.404
791.0474	7.944	5.2996807199999997e-11	-2.86103e-05	-6.67575e-06	2.6703e-05	-160.644
794.3415	7.948	5.30234924e-11	-4.29156e-05	1.04905e-05	4.48229e-05	165.558
797.6206	7.952	5.30501776e-11	-4.48229e-05	2.19346e-05	4.86376e-05	155.172
800.8985	7.956	5.30768628e-11	-4.29156e-05	1.23978e-05	4.38693e-05	163.704
804.177	7.96	5.3103547999999996e-11	-4.76839e-05	1.62126e-05	4.95913e-05	157.494
807.4556	7.964	5.31302332e-11	-5.24523e-05	3.14715e-05	5.9128e-05	147.726
810.7191	7.968	5.31569184e-11	-3.81472e-05	1.71663e-05	4.10082e-05	156.318
813.9969	7.972	5.31836036e-11	-2.9564e-05	3.52862e-05	4.48229e-05	130.788
817.2763	7.976	5.3210288799999995e-11	-5.24523e-05	2.28883e-05	5.72207e-05	156.372
820.5542	7.98	5.3236974e-11	-3.91009e-05	2.19346e-05	4.38693e-05	148.278
823.8335	7.984	5.32636592e-11	-4.29156e-05	-9.5368e-06	4.29156e-05	-168.342
827.112	7.988	5.32903444e-11	-5.72207e-05	3.33788e-05	6.5804e-05	148.734
830.4063	7.992	5.3317029599999994e-11	-5.53133e-05	4.57766e-05	7.1526e-05	141.006
833.7013	7.996	5.33437148e-11	-5.0545e-05	1.62126e-05	5.24523e-05	162.012
837.2517	8.0	5.33704e-11	-5.81744e-05	1.04905e-05	5.81744e-05	168.816
840.5465	8.004	5.3397085199999995e-11	-3.33788e-05	2.0981e-05	3.91009e-05	145.008
843.8405	8.008	5.3423770399999994e-11	-3.81472e-05	2.57493e-05	4.57766e-05	144.276
847.1187	8.012	5.34504556e-11	-5.72207e-05	1.62126e-05	5.9128e-05	163.608
850.4138	8.016	5.3477140799999996e-11	-3.14715e-05	1.23978e-05	3.24252e-05	159.042
853.6929	8.02	5.3503825999999995e-11	-2.57493e-05	5.72208e-06	2.3842e-05	166.758
856.9707	8.024	5.353051119999999e-11	-2.47956e-05	3.81473e-06	2.47956e-05	169.56
860.2659	8.028	5.35571964e-11	-4.57766e-05	2.00273e-05	5.0545e-05	157.092
863.8002	8.032	5.3583881599999996e-11	-6.00817e-05	1.71663e-05	6.19893e-05	163.476
867.0782	8.036	5.3610566799999994e-11	-4.95913e-05	9.5368e-06	5.0545e-05	168.834
870.3575	8.04	5.363725199999999e-11	-3.33788e-05	1.14442e-05	3.52862e-05	161.568
873.6516	8.044	5.3663937200000003e-11	-2.3842e-05	1.52589e-05	2.57493e-05	143.43
877.2023	8.048	5.3690622399999995e-11	-2.47956e-05	2.00273e-05	3.14715e-05	139.146
880.4648	8.052	5.371730759999999e-11	-3.24252e-05	5.72208e-06	3.24252e-05	168.906
883.743	8.056	5.374399279999999e-11	-3.33788e-05	2.76567e-05	4.29156e-05	139.968
887.0222	8.06	5.3770678e-11	-1.81199e-05	2.76567e-05	3.24252e-05	123.366
890.3173	8.064	5.37973632e-11	-2.6703e-05	3.05178e-05	3.91009e-05	130.914
893.6114	8.068	5.382404839999999e-11	-4.19619e-05	2.86103e-05	4.67303e-05	143.13
896.9064	8.072	5.385073359999999e-11	-3.43325e-05	4.10082e-05	5.3406e-05	130.986
900.1844	8.076	5.38774188e-11	-4.48229e-05	2.47956e-05	5.0545e-05	149.034
903.7354	8.08	5.3904104e-11	-2.28883e-05	3.71935e-05	4.38693e-05	120.066
907.0143	8.084	5.393078919999999e-11	-2.47956e-05	1.90736e-05	3.24252e-05	144.06
910.3089	8.088	5.395747439999999e-11	-4.29156e-05	5.9128e-05	7.1526e-05	124.728
913.5871	8.092	5.39841596e-11	-4.57766e-05	1.52589e-05	4.76839e-05	160.56
916.8661	8.096	5.40108448e-11	-4.29156e-05	1.04905e-05	4.48229e-05	167.196
920.1448	8.1	5.403753e-11	-3.14715e-05	2.86103e-05	4.29156e-05	138.654
923.4397	8.104	5.406421519999999e-11	-1.81199e-05	2.86103e-05	3.24252e-05	121.158
926.7336	8.108	5.40909004e-11	-5.0545e-05	3.14715e-05	5.9128e-05	145.956
930.2686	8.112	5.41175856e-11	-1.62126e-05	2.3842e-05	2.86103e-05	124.044
933.5472	8.116	5.4144270799999997e-11	-3.33788e-05	0.0	3.24252e-05	178.83
936.8254	8.12	5.4170955999999995e-11	-4.48229e-05	1.23978e-05	4.57766e-05	162.348
940.1195	8.124	5.41976412e-11	-4.00546e-05	-2.86104e-06	3.91009e-05	-177.138
943.6702	8.128	5.42243264e-11	-5.3406e-05	-1.90736e-06	5.24523e-05	-177.798
946.9496	8.132	5.4251011599999996e-11	-4.19619e-05	2.0981e-05	4.48229e-05	151.188
950.2438	8.136	5.4277696799999994e-11	-2.86103e-05	2.19346e-05	3.52862e-05	139.638
953.5226	8.14	5.4304382e-11	-3.05178e-05	1.52589e-05	3.33788e-05	151.926
956.8166	8.144	5.43310672e-11	-4.00546e-05	1.23978e-05	4.00546e-05	159.774
960.0955	8.148	5.4357752399999995e-11	-3.43325e-05	1.04905e-05	3.52862e-05	159.57
963.3742	8.152	5.4384437599999993e-11	-3.43325e-05	1.71663e-05	3.81472e-05	151.23
966.6686	8.156	5.44111228e-11	-4.38693e-05	2.00273e-05	4.86376e-05	155.172
970.2195	8.16	5.4437807999999996e-11	-4.48229e-05	2.00273e-05	4.76839e-05	154.158
973.5135	8.164	5.4464493199999994e-11	-4.29156e-05	1.90736e-05	4.38693e-05	153.438
976.7927	8.168	5.449117839999999e-11	-1.62126e-05	2.6703e-05	3.05178e-05	114.342
980.0869	8.172	5.4517863600000004e-11	-2.3842e-05	3.14715e-05	3.81472e-05	123.15
983.3656	8.176	5.4544548799999996e-11	-4.67303e-05	2.3842e-05	5.0545e-05	152.1
986.6606	8.18	5.4571233999999994e-11	-4.00546e-05	6.67575e-06	3.91009e-05	167.37
989.9552	8.184	5.459791919999999e-11	-3.71935e-05	3.14715e-05	4.76839e-05	139.482
993.2335	8.188	5.46246044e-11	-2.86103e-05	1.23978e-05	3.24252e-05	154.98
996.7835	8.192	5.46512896e-11	-2.6703e-05	3.05178e-05	4.10082e-05	130.398
1000.0627	8.196	5.467797479999999e-11	-3.81472e-05	1.90736e-05	4.19619e-05	153.036
1003.3574	8.2	5.470465999999999e-11	-6.00817e-05	2.86103e-05	6.5804e-05	154.464
1006.6202	8.204	5.47313452e-11	-3.05178e-05	2.9564e-05	4.10082e-05	133.698
1010.1864	8.208	5.47580304e-11	-4.48229e-05	2.00273e-05	4.95913e-05	154.8
1013.4803	8.212	5.478471559999999e-11	-4.38693e-05	2.86103e-05	5.24523e-05	146.916
1016.7596	8.216	5.481140079999999e-11	-3.52862e-05	2.00273e-05	4.00546e-05	149.196
1020.0383	8.22	5.4838086e-11	-2.47956e-05	2.9564e-05	3.81472e-05	127.266
1023.317	8.224	5.48647712e-11	-3.71935e-05	5.53133e-05	6.5804e-05	123.216
1026.6116	8.228	5.48914564e-11	-1.81199e-05	2.9564e-05	3.62399e-05	124.824
1029.8903	8.232	5.491814159999999e-11	-6.19893e-05	2.86103e-05	6.77113e-05	155.418
1033.1685	8.236	5.49448268e-11	-5.3406e-05	2.19346e-05	5.72207e-05	157.326
1036.7029	8.24	5.4971512e-11	-4.29156e-05	7.62945e-06	4.29156e-05	169.38
1039.982	8.244	5.49981972e-11	-5.3406e-05	3.05178e-05	6.19893e-05	150.102
1043.2762	8.248	5.5024882399999995e-11	-4.29156e-05	2.6703e-05	4.86376e-05	145.656
1046.57	8.252	5.50515676e-11	-3.62399e-05	2.28883e-05	4.19619e-05	147.6
1049.8657	8.256	5.50782528e-11	-3.14715e-05	3.81473e-06	3.05178e-05	174.054
1053.4001	8.26	5.5104937999999996e-11	-5.53133e-05	3.62399e-05	6.5804e-05	145.344
1056.6786	8.264	5.5131623199999995e-11	-3.81472e-05	3.14715e-05	4.86376e-05	140.982
1059.9565	8.268	5.51583084e-11	-2.28883e-05	1.04905e-05	2.57493e-05	152.178
1063.2358	8.272	5.51849936e-11	-4.57766e-05	4.57766e-05	6.48503e-05	135.0
1066.5145	8.276	5.5211678799999996e-11	-3.05178e-05	1.23978e-05	3.05178e-05	153.972
1069.8249	8.28	5.5238363999999994e-11	-4.48229e-05	1.04905e-05	4.57766e-05	165.378
1073.1193	8.284	5.52650492e-11	-5.81744e-05	1.52589e-05	5.9128e-05	165.192
1076.6703	8.288	5.52917344e-11	-2.28883e-05	3.62399e-05	4.10082e-05	120.324
1079.9644	8.292	5.5318419599999995e-11	-2.00273e-05	3.14715e-05	3.62399e-05	116.562
1083.2432	8.296	5.534510479999999e-11	-2.19346e-05	3.24252e-05	3.91009e-05	122.106
1086.5223	8.3	5.5371790000000004e-11	-4.95913e-05	8.58313e-06	4.95913e-05	170.034
1089.8005	8.304	5.5398475199999996e-11	-3.91009e-05	4.19619e-05	5.81744e-05	132.744
1093.3508	8.308	5.5425160399999994e-11	-2.6703e-05	2.57493e-05	3.71935e-05	136.434
1096.6294	8.312	5.545184559999999e-11	-6.77113e-05	3.05178e-05	7.24797e-05	154.824
1099.9083	8.316	5.5478530800000004e-11	-5.72207e-05	4.7684e-06	5.6267e-05	175.29
1103.1869	8.32	5.5505216e-11	-4.00546e-05	3.05178e-05	5.0545e-05	142.836
1106.4654	8.324	5.5531901199999994e-11	-4.00546e-05	2.00273e-05	4.19619e-05	149.808
1110.016	8.328	5.555858639999999e-11	-1.81199e-05	1.71663e-05	2.3842e-05	136.08
1113.2946	8.332	5.55852716e-11	-3.81472e-05	1.23978e-05	4.00546e-05	159.774
1116.5894	8.336	5.56119568e-11	-4.29156e-05	1.81199e-05	4.67303e-05	155.958
1119.8839	8.34	5.5638642e-11	-4.95913e-05	2.00273e-05	5.43597e-05	158.328
1123.1623	8.344	5.566532719999999e-11	-2.6703e-05	2.86103e-05	3.71935e-05	131.382
1126.4407	8.348	5.56920124e-11	-3.81472e-05	3.52862e-05	5.24523e-05	136.02
1129.7197	8.352	5.57186976e-11	-4.57766e-05	1.43052e-05	4.67303e-05	162.348
1132.9984	8.356	5.57453828e-11	-4.19619e-05	4.57766e-05	6.19893e-05	131.07
1136.5482	8.36	5.577206799999999e-11	-4.38693e-05	2.0981e-05	4.76839e-05	152.724
1139.8593	8.364	5.57987532e-11	-5.14986e-05	3.52862e-05	6.19893e-05	144.108
1143.1377	8.368	5.58254384e-11	-3.81472e-05	2.76567e-05	4.57766e-05	143.298
1146.416	8.372	5.58521236e-11	-6.19893e-05	2.28883e-05	6.48503e-05	160.824
1149.6951	8.376	5.5878808799999996e-11	-6.77113e-05	5.6267e-05	8.67848e-05	139.638
1152.9736	8.38	5.5905494e-11	-4.57766e-05	2.19346e-05	5.0545e-05	152.766
1156.2519	8.384	5.59321792e-11	-7.82018e-05	3.71935e-05	8.48775e-05	154.44
1159.7868	8.388	5.59588644e-11	-5.43597e-05	1.04905e-05	5.43597e-05	169.38
1163.065	8.392	5.5985549599999995e-11	-6.67577e-05	1.33515e-05	6.5804e-05	167.904
1166.3599	8.396	5.60122348e-11	-4.57766e-05	1.90736e-05	4.95913e-05	157.914
1169.6543	8.4	5.603892e-11	-4.10082e-05	1.71663e-05	4.29156e-05	155.034
1172.9327	8.404	5.6065605199999996e-11	-5.3406e-05	1.62126e-05	5.72207e-05	163.428
1176.4997	8.408	5.6092290399999994e-11	-6.5804e-05	4.38693e-05	7.91554e-05	146.31
1179.7774	8.412	5.6118975600000006e-11	-6.48503e-05	4.19619e-05	7.72481e-05	147.264
1183.0567	8.416	5.61456608e-11	-5.9128e-05	2.9564e-05	6.5804e-05	154.212
1186.3347	8.42	5.6172345999999996e-11	-6.5804e-05	2.00273e-05	6.8665e-05	162.78
1189.614	8.424	5.6199031199999994e-11	-6.67577e-05	2.86103e-05	7.24797e-05	155.982
1192.8927	8.428	5.6225716400000005e-11	-6.5804e-05	2.57493e-05	6.8665e-05	158.196
1196.1871	8.432	5.6252401599999997e-11	-7.1526e-05	3.81472e-05	8.10628e-05	151.542
1199.4818	8.436	5.6279086799999995e-11	-5.72207e-05	3.81472e-05	6.77113e-05	145.842
1203.032	8.44	5.630577199999999e-11	-8.10628e-05	9.53682e-07	8.01091e-05	178.11
1206.311	8.444	5.6332457200000004e-11	-7.82018e-05	3.62399e-05	8.48775e-05	153.636
1209.5897	8.448	5.63591424e-11	-5.81744e-05	2.6703e-05	6.38966e-05	154.77
1212.8682	8.452	5.6385827599999994e-11	-6.2943e-05	3.52862e-05	7.24797e-05	150.846
1216.1469	8.456	5.641251279999999e-11	-8.48775e-05	1.71663e-05	8.58312e-05	168.09
1219.4253	8.46	5.6439198000000003e-11	-6.96187e-05	-2.86104e-06	7.05724e-05	-178.392
1222.7194	8.464	5.64658832e-11	-7.1526e-05	4.38693e-05	8.10628e-05	148.146
1226.2856	8.468	5.64925684e-11	-9.44142e-05	8.58313e-06	9.44142e-05	174.372
1229.565	8.472	5.651925359999999e-11	-5.81744e-05	1.14442e-05	5.72207e-05	167.256
1232.8599	8.476	5.65459388e-11	-8.10628e-05	1.52589e-05	8.10628e-05	170.154
1236.1377	8.48	5.6572624e-11	-8.10628e-05	3.33788e-05	8.77385e-05	157.314
1239.4168	8.484	5.65993092e-11	-6.8665e-05	2.19346e-05	7.05724e-05	162.072
1242.9668	8.488	5.66259944e-11	-6.8665e-05	2.0981e-05	7.34334e-05	163.494
1246.2456	8.492	5.66526796e-11	-6.67577e-05	1.04905e-05	6.67577e-05	171.0
1249.5407	8.496	5.66793648e-11	-9.25069e-05	3.91009e-05	0.000100136	155.808
1252.819	8.5	5.670605e-11	-0.000102997	2.57493e-05	0.000105858	166.488
1256.0974	8.504	5.6732735199999996e-11	-5.9128e-05	2.0981e-05	6.10356e-05	159.006
1259.3924	8.508	5.675942039999999e-11	-6.5804e-05	2.86104e-06	6.48503e-05	177.078
1262.6709	8.512	5.67861056e-11	-9.15532e-05	3.81473e-06	9.05995e-05	177.054
1265.9653	8.516	5.68127908e-11	-7.53407e-05	1.43052e-05	7.72481e-05	168.114
1269.532	8.52	5.6839475999999996e-11	-8.96459e-05	-1.33515e-05	9.05995e-05	-172.458
1272.8264	8.524	5.6866161199999994e-11	-9.63216e-05	1.71663e-05	9.72752e-05	169.764
1276.1212	8.528	5.68928464e-11	-9.53679e-05	-3.81473e-06	9.44142e-05	-179.19
1279.4158	8.532	5.69195316e-11	-0.000112534	1.90736e-05	0.000114441	169.932
1282.7103	8.536	5.6946216799999995e-11	-9.82289e-05	8.58313e-06	9.72752e-05	174.912
1285.9726	8.54	5.697290199999999e-11	-9.05995e-05	1.04905e-05	8.96459e-05	173.61
1289.2679	8.544	5.69995872e-11	-9.82289e-05	8.58313e-06	9.72752e-05	174.174
1292.5464	8.548	5.7026272399999996e-11	-7.34334e-05	5.72208e-06	7.24797e-05	175.278
1295.8411	8.552	5.7052957599999994e-11	-0.000105858	1.43052e-05	0.000105858	171.72
1299.1357	8.556	5.707964279999999e-11	-7.82018e-05	8.58313e-06	7.82018e-05	172.692
1302.3984	8.56	5.7106328000000004e-11	-7.62944e-05	1.90736e-06	7.53407e-05	178.482
1305.661	8.564	5.7133013199999995e-11	-0.000108719	1.81199e-05	0.00011158	170.424
1309.1951	8.568	5.7159698399999994e-11	-8.48775e-05	1.04905e-05	8.39238e-05	172.314
1312.4739	8.572	5.718638359999999e-11	-9.34605e-05	-1.62126e-05	9.25069e-05	-170.538
1315.7366	8.576	5.72130688e-11	-0.000100136	4.7684e-06	0.000100136	177.366
1318.9995	8.58	5.7239753999999995e-11	-9.82289e-05	0.0	9.53679e-05	179.604
1322.278	8.584	5.726643919999999e-11	-0.000118256	2.19346e-05	0.000121117	169.242
1325.5565	8.588	5.729312439999999e-11	-0.000122071	1.71663e-05	0.000123979	172.002
1328.8188	8.592	5.73198096e-11	-0.000124932	1.71663e-05	0.000125886	172.086
1332.0979	8.596	5.73464948e-11	-0.000112534	-7.62945e-06	0.000110627	-176.184
1335.6321	8.6	5.737317999999999e-11	-9.05995e-05	8.58313e-06	9.05995e-05	173.706
1338.9112	8.604	5.739986519999999e-11	-0.000127793	0.0	0.000125886	179.7
1342.1738	8.608	5.74265504e-11	-0.000122071	-9.53682e-07	0.000121117	179.688
1345.452	8.612	5.74532356e-11	-0.000125886	-2.6703e-05	0.000130654	-168.576
1348.7149	8.616	5.74799208e-11	-0.00012684	-1.04905e-05	0.000127793	-175.848
1351.9929	8.62	5.750660599999999e-11	-0.00013733	-2.0981e-05	0.00013733	-171.402
1355.272	8.624	5.75332912e-11	-0.000108719	-6.67575e-06	0.000107766	-176.802
1358.5668	8.628	5.75599764e-11	-0.000118256	-3.81473e-06	0.000116349	-179.016
1362.101	8.632	5.75866616e-11	-0.000139237	-1.04905e-05	0.000139237	-175.62
1365.3796	8.636	5.761334679999999e-11	-0.000130654	6.67575e-06	0.000129701	176.772
1368.6573	8.64	5.7640032e-11	-0.000131608	-8.58313e-06	0.000130654	-176.478
1371.9205	8.644	5.76667172e-11	-0.00013733	-3.81473e-06	0.00013733	-178.632
1375.487	8.648	5.7693402399999996e-11	-0.000154496	1.04905e-05	0.000152589	175.218
1378.75	8.652	5.7720087599999994e-11	-0.000124932	1.90736e-06	0.000125886	179.1
1382.0286	8.656	5.77467728e-11	-0.000150681	-1.23978e-05	0.000149728	-175.638
1385.3072	8.66	5.7773458e-11	-0.000162126	-2.00273e-05	0.000163079	-173.658
1388.5699	8.664	5.7800143199999996e-11	-0.000157357	-1.81199e-05	0.000157357	-173.472
1391.8486	8.668	5.7826828399999994e-11	-0.000148774	-2.00273e-05	0.000149728	-172.086
1395.1271	8.672	5.78535136e-11	-0.000167848	-1.81199e-05	0.000167848	-173.412
1398.4047	8.676	5.7880198799999997e-11	-0.000145913	-1.62126e-05	0.000145913	-174.264
1401.9718	8.68	5.7906883999999995e-11	-0.000162126	-2.0981e-05	0.000163079	-173.712
1405.2345	8.684	5.793356919999999e-11	-0.000167848	-2.0981e-05	0.000167848	-172.512
1408.4974	8.688	5.7960254400000004e-11	-0.000164033	-4.19619e-05	0.000168801	-165.912
1411.7759	8.692	5.7986939599999996e-11	-0.000196458	-3.14715e-05	0.000198365	-171.354
1415.0543	8.696	5.8013624799999994e-11	-0.000166894	-1.81199e-05	0.000166894	-173.862
1418.3328	8.7	5.804030999999999e-11	-0.000180245	-4.10082e-05	0.000185014	-167.514
1421.6116	8.704	5.8066995200000003e-11	-0.00015545	-3.43325e-05	0.000159265	-167.418
1424.8899	8.708	5.8093680399999995e-11	-0.000186921	-4.00546e-05	0.000190736	-167.946
1428.4408	8.712	5.8120365599999993e-11	-0.000169755	-3.71935e-05	0.00017357	-168.132
1431.7028	8.716	5.814705079999999e-11	-0.000180245	-4.48229e-05	0.000183106	-165.864
1434.982	8.72	5.8173736e-11	-0.000188828	-4.38693e-05	0.000193597	-166.83
1438.2447	8.724	5.82004212e-11	-0.000208856	-7.43871e-05	0.000221253	-160.368
1441.7788	8.728	5.82271064e-11	-0.000196458	-6.67577e-05	0.000206948	-161.154
1445.0417	8.732	5.82537916e-11	-0.00018406	-4.00546e-05	0.000187875	-167.862
1448.3203	8.736	5.82804768e-11	-0.000190736	-5.14986e-05	0.000196458	-165.12
1451.5988	8.74	5.8307162e-11	-0.000204087	-5.6267e-05	0.000209809	-164.778
1454.8616	8.744	5.833384719999999e-11	-0.000215531	-5.53133e-05	0.000221253	-165.714
1458.1234	8.748	5.836053239999999e-11	-0.000203134	-6.48503e-05	0.000211717	-163.092
1461.3868	8.752	5.83872176e-11	-0.000216485	-8.58312e-05	0.000231744	-158.442
1464.6648	8.756	5.84139028e-11	-0.000205041	-6.00817e-05	0.000211717	-163.608
1468.2002	8.76	5.8440588e-11	-0.000210763	-8.86922e-05	0.000228883	-157.242
1471.4787	8.764	5.84672732e-11	-0.000207902	-6.67577e-05	0.000218392	-162.72
1474.7411	8.768	5.849395840000001e-11	-0.00023079	-6.8665e-05	0.000239373	-163.332
1478.0027	8.772	5.852064359999999e-11	-0.000244142	-6.2943e-05	0.000251772	-165.558
1481.2654	8.776	5.854732879999999e-11	-0.000250818	-7.53407e-05	0.000260355	-163.47
1484.5448	8.78	5.857401399999999e-11	-0.000255587	-8.58312e-05	0.000269892	-161.568
1487.8228	8.784	5.86006992e-11	-0.000243188	-0.000106812	0.00026417	-156.534
1491.0863	8.788	5.86273844e-11	-0.000244142	-5.53133e-05	0.000247957	-167.274
1494.6367	8.792	5.86540696e-11	-0.000239373	-9.15532e-05	0.000254633	-158.868
1497.9154	8.796	5.86807548e-11	-0.000278475	-8.67848e-05	0.000291826	-162.852
1501.1939	8.8	5.870744e-11	-0.000257494	-8.96459e-05	0.000270845	-160.494
1504.4566	8.804	5.87341252e-11	-0.000259401	-0.000116349	0.000283243	-155.67
1507.9911	8.808	5.87608104e-11	-0.000272753	-0.000102044	0.000289919	-159.57
1511.27	8.812	5.878749559999999e-11	-0.000260355	-9.34605e-05	0.00027466	-160.338
1514.5485	8.816	5.88141808e-11	-0.000294687	-0.000123025	0.000318529	-157.242
1517.8268	8.82	5.8840866e-11	-0.000295641	-0.000115395	0.000317575	-158.688
1521.1056	8.824	5.88675512e-11	-0.000281336	-0.000102997	0.000296595	-159.972
1524.3842	8.828	5.889423639999999e-11	-0.000314714	-0.000115395	0.000334742	-160.02
1527.6468	8.832	5.89209216e-11	-0.000297548	-0.000128747	0.000323297	-156.552
1530.9256	8.836	5.89476068e-11	-0.000309946	-0.000121117	0.000330927	-158.436
1534.4762	8.84	5.8974292e-11	-0.000325205	-0.000121117	0.000347139	-159.48
1537.7548	8.844	5.90009772e-11	-0.000318529	-0.000113488	0.000335695	-160.272
1541.0332	8.848	5.90276624e-11	-0.000349047	-0.000121117	0.000367166	-160.974
1544.3278	8.852	5.90543476e-11	-0.000316622	-0.000144959	0.000349047	-155.928
1547.6064	8.856	5.908103279999999e-11	-0.00032902	-0.000136376	0.000355722	-157.62
1550.869	8.86	5.910771799999999e-11	-0.000326158	-0.000150681	0.000358583	-155.196
1554.1475	8.864	5.91344032e-11	-0.000331881	-0.000146867	0.000362398	-156.306
1557.4254	8.868	5.91610884e-11	-0.000352861	-0.000161172	0.000390055	-155.7
1560.9767	8.872	5.91877736e-11	-0.000343325	-0.000128747	0.000365259	-159.384
1564.2548	8.876	5.92144588e-11	-0.000351908	-0.000170709	0.000389101	-154.272
1567.5341	8.88	5.924114400000001e-11	-0.000346186	-0.000188828	0.000391962	-151.302
1570.7967	8.884	5.926782919999999e-11	-0.000356676	-0.000178338	0.000398638	-153.522
1574.3306	8.888	5.929451439999999e-11	-0.000402452	-0.000157357	0.000431063	-158.676
1577.5932	8.892	5.932119959999999e-11	-0.000379564	-0.000166894	0.000413897	-156.522
1580.8876	8.896	5.93478848e-11	-0.000380518	-0.000195504	0.000426294	-152.832
1584.1663	8.9	5.937457e-11	-0.000370027	-0.000190736	0.000415804	-152.904
1587.4288	8.904	5.94012552e-11	-0.000385286	-0.000182153	0.000424387	-154.68
1590.6913	8.908	5.94279404e-11	-0.000361444	-0.000182153	0.000402452	-153.348
1593.9701	8.912	5.945462560000001e-11	-0.000359537	-0.000193597	0.000407221	-151.758
1597.2652	8.916	5.94813108e-11	-0.000353815	-0.000179292	0.000393869	-153.264
1600.7998	8.92	5.950799599999999e-11	-0.000341417	-0.00018406	0.000385286	-151.668
1604.0616	8.924	5.953468119999999e-11	-0.000374796	-0.000193597	0.000420572	-152.664
1607.3244	8.928	5.95613664e-11	-0.000351908	-0.000185014	0.000397684	-152.49
1610.5871	8.932	5.95880516e-11	-0.000337603	-0.000177384	0.000379564	-152.31
1613.8495	8.936	5.96147368e-11	-0.000337603	-0.000166894	0.00037575	-153.84
1617.3999	8.94	5.9641422e-11	-0.000331881	-0.00020218	0.000387194	-148.716
1620.6629	8.944	5.96681072e-11	-0.000319483	-0.000148774	0.000350954	-154.746
1623.9415	8.948	5.96947924e-11	-0.000297548	-0.000142098	0.000327112	-154.482
1627.2201	8.952	5.97214776e-11	-0.000263216	-0.000140191	0.000295641	-151.824
1630.4987	8.956	5.97481628e-11	-0.000226022	-0.000130654	0.000259401	-150.276
1633.7614	8.96	5.9774848e-11	-0.000201226	-0.000130654	0.00023842	-146.712
1637.0232	8.964	5.98015332e-11	-0.000169755	-0.000113488	0.000203134	-146.208
1640.5579	8.968	5.98282184e-11	-0.00011158	-0.000103951	0.000152589	-137.994
1643.8209	8.972	5.985490359999999e-11	-9.63216e-05	-7.53407e-05	0.000123025	-142.638
1647.0994	8.976	5.98815888e-11	-2.9564e-05	-2.47956e-05	3.81472e-05	-142.122
1650.3617	8.98	5.9908274e-11	4.10082e-05	-3.91009e-05	5.72207e-05	-43.152
1653.6406	8.984	5.99349592e-11	0.000125886	0.0	0.000123979	0.306
1656.9034	8.988	5.99616444e-11	0.000209809	2.3842e-05	0.000211717	6.462
1660.1656	8.992	5.99883296e-11	0.000335695	7.43871e-05	0.000345232	12.348
1663.4282	8.996	6.00150148e-11	0.00042248	9.63216e-05	0.000433924	13.122
1666.9632	9.0	6.004169999999999e-11	0.000571255	0.000136376	0.000586513	13.53
1670.2261	9.004	6.006838519999999e-11	0.000685696	0.000179292	0.000710491	14.766
1673.5043	9.008	6.009507039999999e-11	0.000843052	0.00025654	0.000881199	17.022
1676.7664	9.012	6.01217556e-11	0.000971798	0.000281336	0.00101186	16.212
1680.0454	9.016	6.01484408e-11	0.00110532	0.000323297	0.001153	16.374
1683.5799	9.02	6.0175126e-11	0.00127793	0.000381472	0.00133324	16.698
1686.8584	9.024	6.02018112e-11	0.00142003	0.00045109	0.00148965	17.598
1690.1373	9.028	6.02284964e-11	0.00156308	0.000511173	0.0016451	18.096
1693.4001	9.032	6.025518159999999e-11	0.00168801	0.000560764	0.00178052	18.42
1696.6779	9.036	6.028186679999999e-11	0.00181008	0.000627521	0.00191594	19.134
1699.9568	9.04	6.030855199999999e-11	0.00188924	0.000700954	0.00201513	20.358
1703.2194	9.044	6.03352372e-11	0.00194646	0.000739101	0.00208189	20.79
1706.7539	9.048	6.03619224e-11	0.00197889	0.000809673	0.0021372	22.314
1710.0325	9.052	6.03886076e-11	0.00194932	0.000834469	0.00212099	23.154
1713.3114	9.056	6.041529279999999e-11	0.0018921	0.000883106	0.00208761	25.056
1716.574	9.06	6.0441978e-11	0.00179387	0.000909809	0.00201036	26.886
1719.8363	9.064	6.04686632e-11	0.00163079	0.000926021	0.00187493	29.598
1723.3706	9.068	6.049534839999999e-11	0.00142289	0.000928883	0.0016985	33.234
1726.6501	9.072	6.052203359999999e-11	0.00120927	0.000906948	0.00151253	36.852
1729.9126	9.076	6.05487188e-11	0.000910763	0.000874523	0.00126267	43.824
1733.4629	9.08	6.0575404e-11	0.000619892	0.000785831	0.00100041	51.762
1736.7416	9.084	6.06020892e-11	0.000393869	0.000680927	0.000785831	59.952
1740.02	9.088	6.062877439999999e-11	0.000100136	0.000594143	0.000602726	80.466
1743.283	9.092	6.06554596e-11	-0.000130654	0.000453951	0.000471117	106.104
1746.5458	9.096	6.06821448e-11	-0.000355722	0.000318529	0.000476839	137.94
1750.0959	9.1	6.070883e-11	-0.000516895	0.00020218	0.000553135	158.748
1753.3739	9.104	6.07355152e-11	-0.000651363	4.57766e-05	0.000653271	176.028
1756.6373	9.108	6.07622004e-11	-0.000684742	-8.20165e-05	0.000688557	-173.052
1759.8999	9.112	6.07888856e-11	-0.000700001	-0.000201226	0.000727657	-163.968
1763.1942	9.116	6.081557079999999e-11	-0.000630382	-0.000290873	0.000695232	-155.322
1766.4729	9.12	6.084225599999999e-11	-0.000523571	-0.000361444	0.000633243	-145.326
1769.7357	9.124	6.08689412e-11	-0.000449182	-0.000403406	0.000600819	-138.054
1773.2863	9.128	6.08956264e-11	-0.000312807	-0.00041485	0.000517849	-126.87
1776.5486	9.132	6.09223116e-11	-0.000204087	-0.000384333	0.000434877	-118.056
1779.8426	9.136	6.09489968e-11	-0.000121117	-0.000358583	0.000376703	-108.336
1783.1053	9.14	6.0975682e-11	-2.6703e-05	-0.000279428	0.000280382	-96.114
1786.3685	9.144	6.100236719999999e-11	2.9564e-05	-0.000226022	0.000227929	-81.966
1789.9027	9.148	6.102905239999999e-11	4.38693e-05	-0.000135423	0.000141145	-71.568
1793.1815	9.152	6.105573759999999e-11	4.38693e-05	-9.53679e-05	0.000104905	-64.566
1796.4603	9.156	6.10824228e-11	4.86376e-05	-3.52862e-05	6.00817e-05	-36.12
1800.0105	9.16	6.1109108e-11	3.43325e-05	2.19346e-05	4.10082e-05	31.428
1803.2895	9.164	6.11357932e-11	2.86104e-06	3.91009e-05	3.91009e-05	81.18
1806.5677	9.168	6.11624784e-11	-4.95913e-05	7.53407e-05	9.05995e-05	122.634
1809.8467	9.172	6.11891636e-11	-3.52862e-05	4.86376e-05	5.81744e-05	125.688
1813.1092	9.176	6.12158488e-11	-5.24523e-05	3.43325e-05	6.19893e-05	148.194
1816.643	9.18	6.124253399999999e-11	-7.62944e-05	2.00273e-05	7.72481e-05	165.006
1819.9222	9.184	6.126921919999999e-11	-5.72207e-05	-7.62945e-06	5.6267e-05	-173.208
1823.2011	9.188	6.12959044e-11	-1.81199e-05	-2.9564e-05	3.43325e-05	-121.536
1826.4791	9.192	6.13225896e-11	2.3842e-05	-3.05178e-05	3.91009e-05	-51.792
1829.7417	9.196	6.13492748e-11	1.52589e-05	-5.24523e-05	5.53133e-05	-73.302
1833.0205	9.2	6.137595999999999e-11	6.10356e-05	-4.00546e-05	7.24797e-05	-31.782
1836.2996	9.204	6.14026452e-11	5.53133e-05	-5.81744e-05	7.91554e-05	-45.672
1839.5941	9.208	6.14293304e-11	9.44142e-05	-1.71663e-05	9.34605e-05	-10.668
1842.8565	9.212	6.14560156e-11	5.9128e-05	-1.81199e-05	6.19893e-05	-16.698
1846.135	9.216	6.148270079999999e-11	2.28883e-05	1.71663e-05	2.76567e-05	35.22
1849.4132	9.22	6.1509386e-11	-2.00273e-05	1.23978e-05	2.3842e-05	145.884
1852.7077	9.224	6.15360712e-11	-4.67303e-05	4.19619e-05	6.19893e-05	138.06
1856.2428	9.228	6.15627564e-11	-8.58312e-05	4.86376e-05	9.72752e-05	151.14
1859.5054	9.232	6.158944159999999e-11	-0.000105858	4.86376e-05	0.000115395	154.464
1862.768	9.236	6.16161268e-11	-0.000157357	2.6703e-05	0.000159265	169.908
1866.0309	9.24	6.1642812e-11	-0.000140191	1.43052e-05	0.000139237	173.688
1869.293	9.244	6.16694972e-11	-0.00013733	-7.62945e-06	0.000136376	-176.946
1872.5714	9.248	6.16961824e-11	-0.000135423	-3.14715e-05	0.000138284	-167.028
1875.8502	9.252	6.17228676e-11	-0.000122071	-6.19893e-05	0.000136376	-153.186
1879.1291	9.256	6.17495528e-11	-8.58312e-05	-7.1526e-05	0.000110627	-140.106
1882.6641	9.26	6.177623799999999e-11	-6.8665e-05	-9.82289e-05	0.000120163	-125.352
1885.9427	9.264	6.180292319999999e-11	-4.67303e-05	-9.15532e-05	0.000102044	-116.232
1889.221	9.268	6.18296084e-11	-3.33788e-05	-8.01091e-05	8.67848e-05	-112.284
1892.4991	9.272	6.18562936e-11	-2.76567e-05	-6.19893e-05	6.5804e-05	-113.202
1895.7783	9.276	6.18829788e-11	-5.14986e-05	-5.0545e-05	6.96187e-05	-133.848
1899.0563	9.28	6.1909664e-11	-2.6703e-05	-1.52589e-05	2.86103e-05	-150.42
1902.3351	9.284	6.193634920000001e-11	-6.96187e-05	-2.28883e-05	7.34334e-05	-162.372
1905.8699	9.288	6.196303439999999e-11	-0.000118256	7.62945e-06	0.000117302	175.776
1909.1487	9.292	6.198971959999999e-11	-0.000148774	2.86104e-06	0.00014782	178.446
1912.4272	9.296	6.201640479999999e-11	-0.000211717	1.90736e-05	0.000211717	174.954
1915.7058	9.3	6.204309e-11	-0.000232697	2.47956e-05	0.000234605	173.64
1918.9686	9.304	6.20697752e-11	-0.00025654	-9.53682e-07	0.000254633	180.0
1922.5034	9.308	6.20964604e-11	-0.000293734	-4.29156e-05	0.000294687	-171.96
1925.7819	9.312	6.21231456e-11	-0.000286104	-6.19893e-05	0.000291826	-167.868
1929.0603	9.316	6.21498308e-11	-0.000294687	-7.05724e-05	0.000301363	-166.488
1932.3387	9.32	6.2176516e-11	-0.000286104	-8.01091e-05	0.000294687	-164.55
1935.6178	9.324	6.22032012e-11	-0.000252726	-0.000118256	0.000278475	-155.274
1939.1519	9.328	6.222988639999999e-11	-0.000228883	-0.000128747	0.000261309	-150.42
1942.4309	9.332	6.22565716e-11	-0.000193597	-0.000102997	0.000217439	-151.56
1945.6931	9.336	6.22832568e-11	-0.000144959	-0.000112534	0.000182153	-141.996
1949.2441	9.34	6.2309942e-11	-0.000121117	-0.00011158	0.000163079	-137.13
1952.5219	9.344	6.233662719999999e-11	-9.05995e-05	-6.96187e-05	0.000114441	-143.46
1955.8015	9.348	6.23633124e-11	-6.96187e-05	-6.10356e-05	9.25069e-05	-139.356
1959.0641	9.352	6.23899976e-11	-2.9564e-05	-4.57766e-05	5.24523e-05	-120.582
1962.3265	9.356	6.24166828e-11	-7.62945e-06	-3.05178e-05	3.05178e-05	-102.528
1965.8602	9.36	6.2443368e-11	0.0	-2.86104e-06	1.90736e-06	-108.432
1969.1397	9.364	6.24700532e-11	0.0	6.67575e-06	6.67575e-06	84.804
1972.4176	9.368	6.24967384e-11	1.04905e-05	2.28883e-05	2.57493e-05	58.296
1975.6969	9.372	6.252342359999999e-11	-3.81473e-06	4.38693e-05	4.38693e-05	94.332
1978.9745	9.376	6.255010879999999e-11	-2.00273e-05	7.43871e-05	7.72481e-05	103.44
1982.2536	9.38	6.2576794e-11	-2.9564e-05	7.1526e-05	7.72481e-05	110.79
1985.5319	9.384	6.26034792e-11	-6.19893e-05	5.72207e-05	8.29701e-05	136.62
1989.0666	9.388	6.26301644e-11	-9.34605e-05	2.86103e-05	9.63216e-05	163.074
1992.329	9.392	6.26568496e-11	-0.00013733	2.3842e-05	0.000138284	170.586
1995.6081	9.396	6.268353480000001e-11	-0.000160218	2.6703e-05	0.000161172	169.758
1998.9024	9.4	6.271022e-11	-0.000182153	3.52862e-05	0.000183106	169.344
2002.1817	9.404	6.273690519999999e-11	-0.000210763	3.14715e-05	0.000211717	171.894
2005.7312	9.408	6.276359039999999e-11	-0.000204087	-1.43052e-05	0.000204087	-176.46
2008.9943	9.412	6.27902756e-11	-0.00023079	-4.48229e-05	0.000234605	-169.26
2012.2573	9.416	6.28169608e-11	-0.000213624	-3.05178e-05	0.000214578	-172.17
2015.7909	9.42	6.2843646e-11	-0.000233651	-6.96187e-05	0.000243188	-163.542
2019.0698	9.424	6.28703312e-11	-0.000197412	-3.62399e-05	0.000200273	-169.662
2022.3488	9.428	6.289701640000001e-11	-0.00014782	-5.6267e-05	0.000158311	-158.826
2025.6272	9.432	6.29237016e-11	-0.000142098	-6.48503e-05	0.000154496	-155.19
2028.9061	9.436	6.295038679999999e-11	-0.000135423	-6.67577e-05	0.000150681	-153.546
2032.4562	9.44	6.297707199999999e-11	-0.000125886	-5.53133e-05	0.000136376	-156.798
2035.7348	9.444	6.30037572e-11	-0.000106812	-4.29156e-05	0.000115395	-158.376
2039.0134	9.448	6.30304424e-11	-9.34605e-05	-2.6703e-05	9.72752e-05	-163.416
2042.2759	9.452	6.30571276e-11	-8.77385e-05	2.00273e-05	8.86922e-05	165.648
2045.5539	9.456	6.30838128e-11	-9.53679e-05	1.90736e-06	9.53679e-05	178.014
2048.8329	9.46	6.3110498e-11	-0.000107766	2.00273e-05	0.000108719	169.446
2052.1116	9.464	6.31371832e-11	-0.000102997	1.33515e-05	0.000103951	172.332
2055.6459	9.468	6.31638684e-11	-0.000127793	8.58313e-06	0.000125886	176.088
2058.9091	9.472	6.31905536e-11	-0.000115395	1.04905e-05	0.000116349	174.774
2062.1709	9.476	6.32172388e-11	-0.00011921	-4.7684e-06	0.00011921	-178.398
2065.4337	9.48	6.3243924e-11	-0.000133515	1.62126e-05	0.000132562	172.236
2068.7128	9.484	6.32706092e-11	-0.000130654	2.00273e-05	0.000130654	171.012
2072.279	9.488	6.329729439999999e-11	-0.000102997	1.33515e-05	0.000102997	172.284
2075.5416	9.492	6.33239796e-11	-0.000103951	1.71663e-05	0.000104905	170.898
2078.8046	9.496	6.33506648e-11	-8.86922e-05	-2.47956e-05	8.86922e-05	-164.706
2082.3229	9.5	6.337735e-11	-7.24797e-05	-1.23978e-05	7.1526e-05	-170.97
2085.585	9.504	6.34040352e-11	-6.48503e-05	1.23978e-05	6.5804e-05	168.138
2088.8477	9.508	6.34307204e-11	-4.57766e-05	-6.67575e-06	4.48229e-05	-172.236
2092.1426	9.512	6.34574056e-11	-4.19619e-05	7.62945e-06	4.19619e-05	166.608
2095.4375	9.516	6.348409079999999e-11	-3.71935e-05	5.72208e-06	3.52862e-05	169.992
2098.9715	9.52	6.351077599999999e-11	-3.05178e-05	3.43325e-05	4.57766e-05	133.23
2102.2505	9.524	6.353746119999999e-11	-7.62945e-06	1.90736e-05	2.00273e-05	103.134
2105.5129	9.528	6.35641464e-11	-2.6703e-05	3.24252e-05	4.19619e-05	126.69
2108.7593	9.532	6.35908316e-11	-6.00817e-05	1.62126e-05	6.19893e-05	165.066
2112.0374	9.536	6.36175168e-11	-7.1526e-05	4.38693e-05	8.29701e-05	148.092
2115.3162	9.54	6.3644202e-11	-9.05995e-05	5.0545e-05	0.000103951	150.66
2118.5793	9.544	6.367088719999999e-11	-9.53679e-05	3.43325e-05	0.000100136	160.374
2122.1136	9.548	6.369757239999999e-11	-0.000107766	3.43325e-05	0.00011158	162.87
2125.3923	9.552	6.372425759999999e-11	-0.000121117	2.19346e-05	0.000123025	169.974
2128.6704	9.556	6.375094279999999e-11	-0.00012684	2.3842e-05	0.00012684	168.75
2131.9496	9.56	6.3777628e-11	-0.00013733	4.57766e-05	0.000144959	161.232
2135.2118	9.564	6.38043132e-11	-0.000144959	-5.72208e-06	0.000144006	-177.888
2138.7628	9.568	6.38309984e-11	-0.000180245	-9.5368e-06	0.000180245	-176.832
2142.0407	9.572	6.38576836e-11	-0.000168801	-3.05178e-05	0.000169755	-169.878
2145.3202	9.576	6.38843688e-11	-0.000185967	-2.0981e-05	0.000186921	-173.478
2148.8701	9.58	6.3911054e-11	-0.000174523	-9.53682e-07	0.000172616	-179.778
2152.1491	9.584	6.393773919999999e-11	-0.000177384	-2.00273e-05	0.000177384	-173.754
2155.4119	9.588	6.396442439999999e-11	-0.000191689	-3.62399e-05	0.000193597	-169.5
2158.6741	9.592	6.39911096e-11	-0.000175477	-5.14986e-05	0.000181199	-163.824
2161.9525	9.596	6.40177948e-11	-0.00018406	-1.62126e-05	0.000185014	-175.254
2165.2153	9.6	6.404448e-11	-0.00015545	-5.6267e-05	0.000163079	-160.974
2168.4621	9.604	6.407116519999999e-11	-0.000157357	-4.86376e-05	0.000163079	-163.482
2171.7407	9.608	6.40978504e-11	-0.000121117	-4.95913e-05	0.000128747	-157.542
2175.0193	9.612	6.41245356e-11	-7.34334e-05	-4.29156e-05	8.29701e-05	-150.948
2178.2818	9.616	6.41512208e-11	-4.86376e-05	-8.58313e-06	4.67303e-05	-171.87
2181.5441	9.62	6.417790599999999e-11	-3.81473e-06	-1.62126e-05	1.52589e-05	-97.122
2184.8392	9.624	6.42045912e-11	-1.90736e-06	-1.62126e-05	1.43052e-05	-102.804
2188.3731	9.628	6.42312764e-11	8.58313e-06	4.7684e-06	9.5368e-06	28.302
2191.6363	9.632	6.425796159999999e-11	2.28883e-05	6.67575e-06	2.3842e-05	20.376
2194.8984	9.636	6.428464679999999e-11	3.81472e-05	1.71663e-05	4.38693e-05	24.228
2198.1769	9.64	6.4311332e-11	2.19346e-05	5.53133e-05	5.9128e-05	69.522
2201.4554	9.644	6.43380172e-11	2.00273e-05	5.24523e-05	5.72207e-05	68.196
2204.9907	9.648	6.43647024e-11	-7.62945e-06	6.10356e-05	6.19893e-05	96.204
2208.2527	9.652	6.43913876e-11	-6.67575e-06	4.19619e-05	4.19619e-05	99.018
2211.5151	9.656	6.44180728e-11	-2.6703e-05	7.43871e-05	7.82018e-05	108.282
2215.0336	9.66	6.444475799999999e-11	-7.34334e-05	5.53133e-05	9.25069e-05	143.46
2218.3121	9.664	6.447144319999999e-11	-9.25069e-05	4.86376e-05	0.000103951	151.968
2221.5913	9.668	6.449812839999999e-11	-0.00013733	4.10082e-05	0.000143052	163.764
2224.8695	9.672	6.45248136e-11	-0.000140191	4.10082e-05	0.000144006	162.822
2228.1486	9.676	6.45514988e-11	-0.000158311	9.53682e-07	0.000156404	179.268
2231.7152	9.68	6.4578184e-11	-0.000157357	-2.86104e-06	0.000157357	-179.274
2235.0095	9.684	6.46048692e-11	-0.000161172	3.81473e-06	0.000161172	177.654
2238.2884	9.688	6.46315544e-11	-0.00015545	-2.28883e-05	0.000158311	-171.564
2241.5662	9.692	6.465823959999999e-11	-0.000128747	-3.62399e-05	0.000133515	-164.718
2244.8454	9.696	6.468492479999999e-11	-0.000113488	-1.71663e-05	0.000114441	-171.354
2248.1235	9.7	6.471160999999999e-11	-8.01091e-05	-1.90736e-05	8.10628e-05	-167.322
2251.4019	9.704	6.47382952e-11	-7.43871e-05	-3.33788e-05	8.10628e-05	-155.94
2254.9364	9.708	6.47649804e-11	-4.95913e-05	-2.9564e-05	5.72207e-05	-148.698
2258.1992	9.712	6.47916656e-11	-4.38693e-05	-1.04905e-05	4.38693e-05	-166.812
2261.5102	9.716	6.48183508e-11	3.81473e-06	-1.14442e-05	1.04905e-05	-68.196
2264.8051	9.72	6.4845036e-11	6.67575e-06	1.52589e-05	1.62126e-05	66.252
2268.0834	9.724	6.48717212e-11	3.52862e-05	3.81473e-06	3.71935e-05	8.13
2271.6179	9.728	6.48984064e-11	3.24252e-05	3.81472e-05	5.0545e-05	50.292
2274.8964	9.732	6.492509159999999e-11	1.71663e-05	3.91009e-05	4.38693e-05	64.98
2278.1595	9.736	6.49517768e-11	1.90736e-06	6.77113e-05	6.77113e-05	88.314
2281.7097	9.74	6.4978462e-11	-3.81473e-06	5.14986e-05	5.14986e-05	95.064
2284.9881	9.744	6.50051472e-11	-2.0981e-05	7.05724e-05	7.24797e-05	107.94
2288.2668	9.748	6.503183239999999e-11	-2.57493e-05	6.5804e-05	7.05724e-05	109.8
2291.5292	9.752	6.50585176e-11	-5.81744e-05	4.57766e-05	7.24797e-05	142.08
2294.8083	9.756	6.50852028e-11	-5.6267e-05	3.52862e-05	6.67577e-05	147.096
2298.087	9.76	6.5111888e-11	-6.00817e-05	5.72207e-05	8.20165e-05	137.292
2301.3652	9.764	6.51385732e-11	-8.01091e-05	3.81472e-05	8.58312e-05	153.828
2304.6274	9.768	6.51652584e-11	-6.48503e-05	3.81472e-05	7.34334e-05	148.596
2307.9068	9.772	6.51919436e-11	-5.6267e-05	-2.86104e-06	5.6267e-05	-177.978
2311.1846	9.776	6.521862879999999e-11	-7.34334e-05	1.14442e-05	7.05724e-05	170.628
2314.432	9.78	6.524531399999999e-11	-5.24523e-05	1.90736e-06	5.24523e-05	178.566
2317.7104	9.784	6.52719992e-11	-4.95913e-05	-2.19346e-05	5.24523e-05	-155.07
2321.2604	9.788	6.52986844e-11	-4.10082e-05	-1.33515e-05	4.00546e-05	-161.568
2324.5399	9.792	6.53253696e-11	-6.48503e-05	-9.5368e-06	6.38966e-05	-173.466
2327.8023	9.796	6.53520548e-11	-2.9564e-05	0.0	2.9564e-05	180.0
2331.065	9.8	6.537874000000001e-11	-3.71935e-05	-5.72208e-06	3.62399e-05	-172.878
2334.3592	9.804	6.540542519999999e-11	-6.67577e-05	1.14442e-05	6.5804e-05	169.026
2337.9091	9.808	6.543211039999999e-11	-5.3406e-05	9.5368e-06	5.24523e-05	169.38
2341.1886	9.812	6.545879559999999e-11	-5.6267e-05	0.0	5.6267e-05	-179.334
2344.4505	9.816	6.54854808e-11	-7.34334e-05	1.90736e-05	7.43871e-05	164.34
2347.7137	9.82	6.5512166e-11	-8.67848e-05	5.72208e-06	8.77385e-05	175.236
2350.9762	9.824	6.55388512e-11	-8.58312e-05	2.0981e-05	8.67848e-05	165.432
2354.4941	9.828	6.55655364e-11	-0.000112534	2.86104e-06	0.00011158	177.954
2357.757	9.832	6.55922216e-11	-9.15532e-05	5.72208e-06	8.96459e-05	175.344
2361.0195	9.836	6.56189068e-11	-8.10628e-05	5.72208e-06	7.91554e-05	175.236
2364.2822	9.84	6.564559199999999e-11	-8.39238e-05	8.58313e-06	8.39238e-05	174.156
2367.5605	9.844	6.567227719999999e-11	-0.000109673	8.58313e-06	0.000110627	175.176
2370.84	9.848	6.56989624e-11	-0.000102044	8.58313e-06	0.00010109	174.738
2374.102	9.852	6.57256476e-11	-7.24797e-05	-3.33788e-05	8.01091e-05	-155.94
2377.3811	9.856	6.57523328e-11	-9.34605e-05	-1.14442e-05	9.34605e-05	-173.124
2380.9157	9.86	6.577901799999999e-11	-7.34334e-05	9.5368e-06	7.24797e-05	171.948
2384.1783	9.864	6.58057032e-11	-7.24797e-05	-4.7684e-06	7.1526e-05	-175.236
2387.4566	9.868	6.58323884e-11	-8.86922e-05	-6.67575e-06	8.86922e-05	-176.61
2390.7348	9.872	6.58590736e-11	-7.82018e-05	1.90736e-06	7.82018e-05	177.576
2393.9975	9.876	6.58857588e-11	-8.01091e-05	8.58313e-06	8.10628e-05	172.932
2397.2761	9.88	6.5912444e-11	-5.9128e-05	-1.90736e-06	5.72207e-05	-179.328
2400.555	9.884	6.59391292e-11	-7.91554e-05	-1.04905e-05	8.10628e-05	-173.916
2404.0895	9.888	6.59658144e-11	-4.67303e-05	3.91009e-05	6.00817e-05	139.398
2407.3685	9.892	6.599249959999999e-11	-4.57766e-05	1.62126e-05	4.76839e-05	161.31
2410.6463	9.896	6.60191848e-11	-5.72208e-06	2.9564e-05	3.05178e-05	98.472
2413.925	9.9	6.604587e-11	-1.81199e-05	2.00273e-05	2.57493e-05	133.998
2417.2038	9.904	6.60725552e-11	-2.86104e-06	1.90736e-06	1.90736e-06	104.034
2420.4825	9.908	6.60992404e-11	0.0	2.86104e-06	2.86104e-06	101.31
2423.7616	9.912	6.61259256e-11	4.7684e-06	1.90736e-05	1.90736e-05	72.756
2427.0394	9.916	6.61526108e-11	-3.62399e-05	3.14715e-05	4.67303e-05	137.292
2430.5747	9.92	6.617929599999999e-11	-8.58313e-06	3.05178e-05	3.24252e-05	105.948
2433.8528	9.924	6.620598119999999e-11	-1.33515e-05	2.3842e-05	2.76567e-05	119.58
2437.1155	9.928	6.62326664e-11	-2.6703e-05	5.3406e-05	5.9128e-05	116.28
2440.3779	9.932	6.62593516e-11	-8.01091e-05	2.86103e-05	8.39238e-05	160.284
2443.657	9.936	6.62860368e-11	-6.96187e-05	3.62399e-05	7.91554e-05	151.956
2447.1915	9.94	6.6312722e-11	-6.5804e-05	1.52589e-05	6.48503e-05	166.83
2450.4698	9.944	6.633940720000001e-11	-7.82018e-05	3.52862e-05	8.58312e-05	155.01
2453.7329	9.948	6.63660924e-11	-6.19893e-05	2.0981e-05	6.5804e-05	160.842
2456.9955	9.952	6.639277759999999e-11	-5.72207e-05	2.3842e-05	6.19893e-05	155.91
2460.2733	9.956	6.641946279999999e-11	-4.67303e-05	1.23978e-05	4.86376e-05	166.89
2463.5523	9.96	6.6446148e-11	-4.86376e-05	1.71663e-05	5.0545e-05	160.146
2466.8151	9.964	6.64728332e-11	-3.81472e-05	8.58313e-06	3.91009e-05	167.154
2470.3495	9.968	6.64995184e-11	-2.6703e-05	9.5368e-06	2.76567e-05	158.46
2473.6275	9.972	6.65262036e-11	-3.43325e-05	3.81473e-06	3.33788e-05	173.292
2476.8905	9.976	6.65528888e-11	4.7684e-06	2.28883e-05	2.3842e-05	75.582
2480.1531	9.98	6.6579574e-11	-3.14715e-05	1.71663e-05	3.52862e-05	150.126
2483.4152	9.984	6.66062592e-11	-1.14442e-05	2.86103e-05	3.05178e-05	109.98
2486.6619	9.988	6.663294439999999e-11	-4.38693e-05	2.6703e-05	4.95913e-05	146.946
2489.941	9.992	6.66596296e-11	-2.6703e-05	3.52862e-05	4.38693e-05	127.206
2493.2357	9.996	6.66863148e-11	-5.14986e-05	3.62399e-05	6.38966e-05	146.976
2496.7538	10.0	6.6713e-11	-8.01091e-05	5.0545e-05	9.44142e-05	146.976
2500.0167	10.004	6.673968519999999e-11	-0.000109673	1.04905e-05	0.000107766	173.658
2503.2948	10.008	6.676637039999999e-11	-9.82289e-05	0.0	9.72752e-05	-179.61
2506.5578	10.012	6.67930556e-11	-7.82018e-05	1.90736e-05	7.91554e-05	166.542
2509.8197	10.016	6.68197408e-11	-8.67848e-05	2.00273e-05	8.86922e-05	166.272
2513.099	10.02	6.6846426e-11	-8.20165e-05	2.86104e-06	8.20165e-05	177.69
2516.3932	10.024	6.68731112e-11	-6.8665e-05	2.86104e-06	6.5804e-05	178.248
2519.6718	10.028	6.68997964e-11	-9.15532e-05	1.33515e-05	9.05995e-05	171.57
2523.2067	10.032	6.692648159999999e-11	-4.86376e-05	1.81199e-05	5.0545e-05	159.18
2526.4693	10.036	6.695316679999999e-11	-3.33788e-05	1.23978e-05	3.62399e-05	158.586
2529.7318	10.04	6.697985199999999e-11	-3.43325e-05	5.72208e-06	3.43325e-05	168.906
2532.9945	10.044	6.70065372e-11	-2.57493e-05	2.86103e-05	3.71935e-05	131.466
2536.5447	10.048	6.70332224e-11	-3.81473e-06	3.81473e-06	5.72208e-06	135.0
2539.8232	10.052	6.70599076e-11	-1.71663e-05	2.57493e-05	3.05178e-05	123.342
2543.1026	10.056	6.70865928e-11	-2.9564e-05	3.43325e-05	4.57766e-05	132.108
2546.3649	10.06	6.7113278e-11	8.58313e-06	2.86103e-05	2.9564e-05	71.964
2549.627	10.064	6.713996319999999e-11	-4.7684e-06	2.00273e-05	2.0981e-05	102.726
2553.1617	10.068	6.716664839999999e-11	-5.6267e-05	4.10082e-05	6.8665e-05	144.462
2556.424	10.072	6.719333359999999e-11	-3.81472e-05	1.81199e-05	4.19619e-05	152.202
2559.703	10.076	6.72200188e-11	-4.76839e-05	1.71663e-05	4.86376e-05	158.628
2563.2692	10.08	6.7246704e-11	-3.62399e-05	3.05178e-05	4.57766e-05	140.946
2566.5479	10.084	6.72733892e-11	-3.33788e-05	2.3842e-05	4.10082e-05	141.486
2569.8269	10.088	6.73000744e-11	-5.6267e-05	3.24252e-05	6.38966e-05	150.252
2573.105	10.092	6.73267596e-11	-6.38966e-05	1.04905e-05	6.2943e-05	172.044
2576.3839	10.096	6.73534448e-11	-8.67848e-05	1.52589e-05	8.67848e-05	169.89
2579.6627	10.1	6.738012999999999e-11	-0.000105858	2.86104e-06	0.000103951	178.53
2582.9248	10.104	6.740681519999999e-11	-8.48775e-05	3.81473e-06	8.29701e-05	176.766
2586.2202	10.108	6.74335004e-11	-8.58312e-05	3.81473e-06	8.48775e-05	177.318
2589.7709	10.112	6.74601856e-11	-8.67848e-05	9.5368e-06	8.67848e-05	173.856
2593.0489	10.116	6.74868708e-11	-7.91554e-05	-5.72208e-06	7.82018e-05	-176.088
2596.328	10.12	6.751355599999999e-11	-8.01091e-05	1.23978e-05	7.91554e-05	170.7
2599.606	10.124	6.75402412e-11	-8.58312e-05	-2.86104e-06	8.48775e-05	-179.106
2603.1565	10.128	6.75669264e-11	-6.19893e-05	1.23978e-05	6.19893e-05	168.93
2606.4357	10.132	6.75936116e-11	-6.10356e-05	1.33515e-05	6.2943e-05	167.406
2609.7302	10.136	6.762029679999999e-11	-4.95913e-05	-1.81199e-05	5.0545e-05	-158.91
2613.0086	10.14	6.7646982e-11	-6.8665e-05	0.0	6.5804e-05	-179.424
2616.2878	10.144	6.76736672e-11	-4.76839e-05	1.33515e-05	4.95913e-05	163.95
2619.5499	10.148	6.770035239999999e-11	-5.81744e-05	1.04905e-05	5.81744e-05	167.544
2622.8284	10.152	6.772703759999999e-11	-8.01091e-05	1.33515e-05	7.91554e-05	169.908
2626.1075	10.156	6.77537228e-11	-3.71935e-05	2.3842e-05	4.48229e-05	147.012
2629.6573	10.16	6.7780408e-11	-4.19619e-05	1.90736e-05	4.48229e-05	156.468
2632.9199	10.164	6.78070932e-11	-3.33788e-05	2.28883e-05	4.00546e-05	144.246
2636.199	10.168	6.78337784e-11	-2.9564e-05	2.3842e-05	3.91009e-05	141.042
2639.4775	10.172	6.78604636e-11	-2.47956e-05	0.0	2.28883e-05	178.314
2642.7723	10.176	6.788714879999999e-11	-1.43052e-05	3.05178e-05	3.33788e-05	116.052
2646.0504	10.18	6.791383399999999e-11	-1.33515e-05	1.90736e-05	2.3842e-05	124.992
2649.3291	10.184	6.794051919999999e-11	-4.67303e-05	3.62399e-05	5.81744e-05	141.444
2652.5921	10.188	6.79672044e-11	-1.14442e-05	3.24252e-05	3.33788e-05	106.584
2656.1423	10.192	6.79938896e-11	-2.3842e-05	3.52862e-05	4.19619e-05	123.438
2659.4049	10.196	6.80205748e-11	-1.14442e-05	5.3406e-05	5.53133e-05	103.044
2662.6674	10.2	6.804726e-11	-2.0981e-05	3.05178e-05	3.62399e-05	124.566
2665.9621	10.204	6.807394520000001e-11	-5.24523e-05	3.24252e-05	6.10356e-05	146.658
2669.5124	10.208	6.810063039999999e-11	-4.95913e-05	3.62399e-05	6.19893e-05	142.764
2672.7917	10.212	6.812731559999999e-11	-5.14986e-05	3.71935e-05	6.19893e-05	142.764
2676.0539	10.216	6.815400079999999e-11	-6.2943e-05	3.91009e-05	7.24797e-05	148.05
2679.3323	10.22	6.8180686e-11	-8.01091e-05	2.57493e-05	8.29701e-05	162.288
2682.5955	10.224	6.82073712e-11	-6.2943e-05	3.81473e-06	6.10356e-05	176.82
2686.1302	10.228	6.82340564e-11	-7.24797e-05	1.23978e-05	7.24797e-05	170.448
2689.3927	10.232	6.82607416e-11	-8.86922e-05	2.86103e-05	9.25069e-05	161.694
2692.6555	10.236	6.82874268e-11	-6.2943e-05	2.6703e-05	6.77113e-05	157.248
2696.19	10.24	6.8314112e-11	-4.57766e-05	2.00273e-05	4.76839e-05	155.622
2699.4526	10.244	6.83407972e-11	-6.2943e-05	1.33515e-05	6.38966e-05	168.234
2702.7151	10.248	6.836748239999999e-11	-3.43325e-05	3.05178e-05	4.57766e-05	137.832
2705.9932	10.252	6.83941676e-11	-3.33788e-05	0.0	3.52862e-05	178.938
2709.2566	10.256	6.84208528e-11	-1.62126e-05	1.62126e-05	2.19346e-05	131.346
2712.791	10.26	6.8447538e-11	-9.5368e-06	-4.7684e-06	8.58313e-06	-158.964
2716.0534	10.264	6.847422319999999e-11	-6.48503e-05	1.52589e-05	6.5804e-05	167.094
2719.3321	10.268	6.85009084e-11	-2.6703e-05	2.9564e-05	3.91009e-05	130.914
2722.6106	10.272	6.85275936e-11	-2.28883e-05	1.71663e-05	3.05178e-05	142.884
2725.8893	10.276	6.85542788e-11	-6.00817e-05	2.28883e-05	6.5804e-05	157.56
2729.1519	10.28	6.8580964e-11	-4.57766e-05	2.00273e-05	4.95913e-05	157.206
2732.4146	10.284	6.86076492e-11	-7.34334e-05	4.00546e-05	8.29701e-05	150.594
2735.9492	10.288	6.86343344e-11	-6.38966e-05	3.52862e-05	7.1526e-05	150.126
2739.2112	10.292	6.866101959999999e-11	-8.29701e-05	1.62126e-05	8.10628e-05	167.214
2742.4741	10.296	6.868770479999999e-11	-4.29156e-05	2.0981e-05	4.48229e-05	151.188
2745.7368	10.3	6.871439e-11	-8.86922e-05	2.6703e-05	9.25069e-05	162.87
2748.9991	10.304	6.87410752e-11	-5.24523e-05	1.62126e-05	5.43597e-05	162.228
2752.55	10.308	6.87677604e-11	-6.48503e-05	1.62126e-05	6.48503e-05	165.108
2755.8287	10.312	6.87944456e-11	-8.29701e-05	5.72208e-06	8.29701e-05	175.914
2759.107	10.316	6.88211308e-11	-8.01091e-05	5.72208e-06	7.91554e-05	174.672
2762.3693	10.32	6.884781599999999e-11	-5.24523e-05	-1.62126e-05	5.53133e-05	-164.622
2765.6326	10.324	6.887450119999999e-11	-5.53133e-05	2.57493e-05	5.9128e-05	155.712
2769.1669	10.328	6.890118639999999e-11	-4.67303e-05	-4.7684e-06	4.57766e-05	-176.73
2772.4455	10.332	6.89278716e-11	-6.19893e-05	5.72208e-06	6.10356e-05	174.354
2775.7242	10.336	6.89545568e-11	-2.47956e-05	0.0	2.3842e-05	178.494
2779.2747	10.34	6.8981242e-11	-2.6703e-05	5.72208e-06	2.57493e-05	167.004
2782.5529	10.344	6.90079272e-11	-1.33515e-05	2.86104e-06	1.23978e-05	163.608
2785.8158	10.348	6.90346124e-11	-7.62945e-06	3.81472e-05	3.91009e-05	103.35
2789.0786	10.352	6.90612976e-11	-2.3842e-05	1.90736e-05	2.9564e-05	139.536
2792.357	10.356	6.908798279999999e-11	-2.6703e-05	2.00273e-05	3.43325e-05	145.716
2795.9075	10.36	6.911466799999999e-11	-2.47956e-05	3.52862e-05	4.19619e-05	121.722
2799.1862	10.364	6.91413532e-11	-3.14715e-05	3.24252e-05	4.57766e-05	134.412
2802.4647	10.368	6.91680384e-11	-3.62399e-05	1.90736e-05	4.00546e-05	150.138
2805.7593	10.372	6.91947236e-11	-2.3842e-05	4.19619e-05	4.67303e-05	117.678
2809.0212	10.376	6.92214088e-11	-8.48775e-05	2.0981e-05	8.58312e-05	165.528
2812.2846	10.38	6.9248094e-11	-6.2943e-05	2.86103e-05	6.77113e-05	154.95
2815.5472	10.384	6.92747792e-11	-8.01091e-05	1.52589e-05	8.10628e-05	168.324
2819.0815	10.388	6.93014644e-11	-9.82289e-05	1.52589e-05	9.72752e-05	170.988
2822.3593	10.392	6.932814959999999e-11	-0.000110627	1.04905e-05	0.000108719	173.31
2825.6389	10.396	6.93548348e-11	-0.000110627	-2.86104e-06	0.000108719	-179.652
2828.9012	10.4	6.938152e-11	-9.63216e-05	2.00273e-05	9.72752e-05	167.85
2832.1639	10.404	6.94082052e-11	-8.67848e-05	6.67575e-06	8.77385e-05	174.33
2835.6979	10.408	6.943489039999999e-11	-8.67848e-05	9.53682e-07	8.77385e-05	178.71
2838.9612	10.412	6.94615756e-11	-9.34605e-05	-6.67575e-06	9.15532e-05	-175.794
2842.2398	10.416	6.94882608e-11	-7.72481e-05	-7.62945e-06	7.72481e-05	-173.604
2845.5025	10.42	6.9514946e-11	-8.58312e-05	-1.81199e-05	8.58312e-05	-168.342
2848.7812	10.424	6.95416312e-11	-5.43597e-05	-9.5368e-06	5.3406e-05	-170.658
2852.0599	10.428	6.95683164e-11	-7.53407e-05	5.72208e-06	7.34334e-05	175.362
2855.3223	10.432	6.95950016e-11	-6.8665e-05	-1.33515e-05	6.96187e-05	-169.548
2858.5842	10.436	6.962168679999999e-11	-4.57766e-05	-9.5368e-06	4.57766e-05	-170.136
2862.1193	10.44	6.964837199999999e-11	-6.2943e-05	-2.6703e-05	6.77113e-05	-157.89
2865.3984	10.444	6.96750572e-11	-7.72481e-05	-7.62945e-06	7.72481e-05	-175.032
2868.6609	10.448	6.97017424e-11	-4.86376e-05	-3.62399e-05	5.9128e-05	-143.88
2871.939	10.452	6.97284276e-11	-5.14986e-05	6.67575e-06	5.0545e-05	171.87
2875.2017	10.456	6.97551128e-11	-2.6703e-05	-1.14442e-05	2.86103e-05	-155.772
2878.464	10.46	6.978179800000001e-11	-2.00273e-05	-1.81199e-05	2.57493e-05	-137.046
2881.7268	10.464	6.980848319999999e-11	-9.5368e-06	-7.62945e-06	1.04905e-05	-145.302
2885.2617	10.468	6.983516839999999e-11	-2.0981e-05	-2.86104e-06	2.19346e-05	-174.804
2888.5398	10.472	6.986185359999999e-11	1.33515e-05	3.81473e-06	1.23978e-05	22.38
2891.8029	10.476	6.98885388e-11	2.86103e-05	-1.43052e-05	3.14715e-05	-26.028
2895.0811	10.48	6.9915224e-11	3.05178e-05	1.71663e-05	3.71935e-05	27.9
2898.3604	10.484	6.99419092e-11	8.58313e-06	2.3842e-05	2.57493e-05	69.276
2901.8948	10.488	6.99685944e-11	3.52862e-05	2.86104e-06	3.43325e-05	5.598
2905.1569	10.492	6.99952796e-11	4.00546e-05	1.23978e-05	4.19619e-05	17.04
2908.4359	10.496	7.00219648e-11	3.14715e-05	2.00273e-05	3.62399e-05	34.566
2911.9862	10.5	7.004865e-11	1.81199e-05	9.5368e-06	2.00273e-05	25.71
2915.2641	10.504	7.007533519999999e-11	1.62126e-05	5.24523e-05	5.53133e-05	71.784
2918.5273	10.508	7.010202039999999e-11	-1.81199e-05	3.24252e-05	3.71935e-05	121.674
2921.7894	10.512	7.01287056e-11	-6.67575e-06	2.00273e-05	2.19346e-05	106.188
2925.0526	10.516	7.01553908e-11	-1.62126e-05	3.14715e-05	3.52862e-05	114.702
2928.5873	10.52	7.018207599999999e-11	-4.7684e-06	6.2943e-05	6.2943e-05	94.212
2931.8656	10.524	7.020876119999999e-11	-1.33515e-05	3.05178e-05	3.43325e-05	118.008
2935.1438	10.528	7.02354464e-11	-2.47956e-05	2.9564e-05	3.91009e-05	130.914
2938.423	10.532	7.02621316e-11	-1.81199e-05	6.67575e-06	1.71663e-05	154.44
2941.7017	10.536	7.02888168e-11	0.0	2.19346e-05	2.19346e-05	86.532
2944.9799	10.54	7.031550199999998e-11	8.58313e-06	2.86104e-06	9.5368e-06	19.656
2948.2588	10.544	7.03421872e-11	-4.7684e-06	3.81473e-06	5.72208e-06	135.0
2951.8092	10.548	7.03688724e-11	1.04905e-05	5.72208e-06	1.23978e-05	20.226
2955.0878	10.552	7.039555759999999e-11	5.72208e-06	-2.0981e-05	2.19346e-05	-78.024
2958.3665	10.556	7.042224279999999e-11	0.0	3.81473e-06	3.81473e-06	98.13
2961.6611	10.56	7.0448928e-11	2.3842e-05	1.90736e-05	2.9564e-05	45.0
2964.9397	10.564	7.04756132e-11	1.71663e-05	9.5368e-06	1.81199e-05	33.114
2968.4741	10.568	7.05022984e-11	1.81199e-05	4.67303e-05	5.0545e-05	66.114
2971.7366	10.572	7.05289836e-11	2.6703e-05	3.62399e-05	4.57766e-05	53.976
2974.9994	10.576	7.05556688e-11	5.72208e-06	3.24252e-05	3.24252e-05	83.292
2978.5337	10.58	7.058235399999999e-11	1.23978e-05	4.19619e-05	4.38693e-05	74.52
2981.8115	10.584	7.060903919999999e-11	-6.67575e-06	2.6703e-05	2.76567e-05	102.378
2985.0911	10.588	7.063572439999999e-11	2.86103e-05	3.24252e-05	4.19619e-05	50.082
2988.3537	10.592	7.06624096e-11	8.58313e-06	1.52589e-05	1.71663e-05	63.438
2991.6156	10.596	7.06890948e-11	4.00546e-05	1.43052e-05	4.19619e-05	20.976
2995.1511	10.6	7.071578e-11	3.33788e-05	-2.86104e-06	3.33788e-05	-6.708
2998.4289	10.604	7.07424652e-11	5.24523e-05	5.3406e-05	7.53407e-05	45.714
3001.7236	10.608	7.07691504e-11	2.19346e-05	1.71663e-05	2.76567e-05	35.538
3005.0022	10.612	7.079583559999999e-11	4.19619e-05	1.81199e-05	4.48229e-05	23.088
3008.2974	10.616	7.082252079999999e-11	3.91009e-05	1.04905e-05	4.10082e-05	15.57
3011.5761	10.62	7.084920599999999e-11	4.48229e-05	6.00817e-05	7.53407e-05	53.826
3014.8545	10.624	7.08758912e-11	3.62399e-05	1.14442e-05	3.81472e-05	17.82
3018.1493	10.628	7.09025764e-11	2.57493e-05	1.90736e-05	3.24252e-05	38.478
3021.6999	10.632	7.09292616e-11	4.7684e-06	4.76839e-05	4.86376e-05	82.092
3024.9944	10.636	7.095594679999999e-11	-9.5368e-06	4.48229e-05	4.57766e-05	103.056
3028.2728	10.64	7.0982632e-11	-1.62126e-05	3.62399e-05	3.91009e-05	113.574
3031.5515	10.644	7.10093172e-11	-5.0545e-05	4.86376e-05	6.96187e-05	134.61
3035.1019	10.648	7.10360024e-11	-5.14986e-05	3.52862e-05	6.19893e-05	144.108
3038.3802	10.652	7.106268759999999e-11	-6.2943e-05	4.38693e-05	7.72481e-05	145.368
3041.6586	10.656	7.10893728e-11	-5.9128e-05	4.38693e-05	7.24797e-05	142.818
3044.9378	10.66	7.1116058e-11	-8.01091e-05	2.19346e-05	8.10628e-05	164.376
3048.2157	10.664	7.114274319999999e-11	-0.000110627	-1.90736e-06	0.000108719	-178.944
3051.4946	10.668	7.116942839999999e-11	-9.34605e-05	8.58313e-06	9.44142e-05	174.804
3054.7739	10.672	7.11961136e-11	-0.000123979	5.72208e-06	0.000122071	178.122
3058.0526	10.676	7.12227988e-11	-0.000120163	-1.43052e-05	0.00011921	-173.274
3061.587	10.68	7.1249484e-11	-0.000108719	1.04905e-05	0.000107766	173.97
3064.8651	10.684	7.12761692e-11	-0.000104905	-5.72208e-06	0.000102044	-176.652
3068.1758	10.688	7.13028544e-11	-0.000108719	7.62945e-06	0.000108719	175.524
3071.4549	10.692	7.132953959999999e-11	-0.000160218	1.52589e-05	0.000158311	174.432
3074.7488	10.696	7.135622479999999e-11	-0.000133515	0.0	0.000133515	179.43
3078.0117	10.7	7.138290999999999e-11	-0.000157357	1.33515e-05	0.000156404	174.852
3081.2908	10.704	7.14095952e-11	-0.000167848	4.7684e-06	0.000167848	178.182
3084.8408	10.708	7.14362804e-11	-0.000170709	5.72208e-06	0.000169755	178.206
3088.1196	10.712	7.14629656e-11	-0.000203134	2.19346e-05	0.000204087	173.826
3091.3982	10.716	7.14896508e-11	-0.000208856	1.90736e-05	0.000208856	174.708
3094.6768	10.72	7.151633600000001e-11	-0.000210763	0.0	0.000209809	179.82
3097.9396	10.724	7.154302119999999e-11	-0.000193597	8.58313e-06	0.000192643	177.246
3101.474	10.728	7.156970639999999e-11	-0.000208856	-4.7684e-06	0.000207902	-179.076
3104.7526	10.732	7.159639159999999e-11	-0.00019455	8.58313e-06	0.00019455	177.462
3108.0316	10.736	7.16230768e-11	-0.00018406	-1.33515e-05	0.000183106	-176.244
3111.5818	10.74	7.1649762e-11	-0.000170709	-1.23978e-05	0.000168801	-175.704
3114.8766	10.744	7.16764472e-11	-0.000171662	-2.9564e-05	0.000175477	-170.646
3118.1709	10.748	7.17031324e-11	-0.00017357	1.90736e-06	0.00017357	178.686
3121.4496	10.752	7.17298176e-11	-0.000136376	-6.67575e-06	0.000134469	-177.462
3124.7285	10.756	7.17565028e-11	-0.00011158	1.43052e-05	0.000110627	172.404
3128.2787	10.76	7.178318799999999e-11	-6.96187e-05	3.05178e-05	7.53407e-05	156.342
3131.5725	10.764	7.180987319999999e-11	-7.62944e-05	1.43052e-05	7.62944e-05	168.396
3134.8516	10.768	7.18365584e-11	-6.2943e-05	1.90736e-05	6.5804e-05	161.748
3138.1303	10.772	7.18632436e-11	-4.00546e-05	2.00273e-05	4.48229e-05	152.28
3141.393	10.776	7.18899288e-11	-1.14442e-05	5.14986e-05	5.3406e-05	101.994
3144.6716	10.78	7.191661399999999e-11	3.33788e-05	4.19619e-05	5.24523e-05	52.254
3147.9509	10.784	7.19432992e-11	4.38693e-05	3.91009e-05	5.81744e-05	43.152
3151.2294	10.788	7.19699844e-11	6.10356e-05	7.91554e-05	9.91826e-05	53.286
3154.795	10.792	7.19966696e-11	5.81744e-05	7.43871e-05	9.44142e-05	52.158
3158.0741	10.796	7.20233548e-11	9.44142e-05	0.000104905	0.000141145	47.874
3161.3521	10.8	7.205004e-11	0.000110627	9.82289e-05	0.00014782	41.334
3164.6476	10.804	7.20767252e-11	0.000116349	9.05995e-05	0.00014782	36.972
3168.1984	10.808	7.210341039999999e-11	0.000110627	0.000105858	0.000153542	43.782
3171.4769	10.812	7.213009559999999e-11	9.82289e-05	0.00011921	0.000154496	50.796
3174.7548	10.816	7.21567808e-11	9.44142e-05	0.000104905	0.000143052	46.872
3178.0334	10.82	7.2183466e-11	9.72752e-05	0.000123979	0.000156404	51.912
3181.3128	10.824	7.22101512e-11	7.91554e-05	0.000123979	0.000145913	58.41
3184.6072	10.828	7.22368364e-11	5.43597e-05	9.05995e-05	0.000104905	59.532
3187.886	10.832	7.22635216e-11	6.67575e-06	9.15532e-05	9.15532e-05	86.268
3191.1806	10.836	7.229020679999999e-11	-1.90736e-05	8.77385e-05	8.96459e-05	101.142
3194.7151	10.84	7.231689199999999e-11	-1.62126e-05	7.43871e-05	7.53407e-05	101.112
3198.0091	10.844	7.234357719999999e-11	-4.57766e-05	5.9128e-05	7.43871e-05	125.952
3201.2721	10.848	7.23702624e-11	-3.52862e-05	1.62126e-05	3.71935e-05	154.356
3204.5508	10.852	7.23969476e-11	-3.43325e-05	1.90736e-06	3.33788e-05	178.878
3207.8449	10.856	7.24236328e-11	-3.24252e-05	1.90736e-06	3.05178e-05	173.928
3211.1401	10.86	7.2450318e-11	-2.47956e-05	-2.3842e-05	3.24252e-05	-137.49
3214.4346	10.864	7.247700320000001e-11	-1.62126e-05	-7.62945e-06	1.52589e-05	-156.798
3217.7282	10.868	7.25036884e-11	-1.23978e-05	2.86104e-06	1.52589e-05	165.966
3221.2628	10.872	7.253037359999999e-11	-2.19346e-05	-1.14442e-05	2.3842e-05	-152.742
3224.5422	10.876	7.255705879999999e-11	6.67575e-06	-2.86104e-06	6.67575e-06	-15.252
3227.8365	10.88	7.2583744e-11	3.14715e-05	-1.71663e-05	3.52862e-05	-27.51
3231.115	10.884	7.26104292e-11	5.24523e-05	-3.81473e-06	5.14986e-05	-5.13
3234.666	10.888	7.26371144e-11	6.77113e-05	-3.81473e-06	6.8665e-05	-1.65
3237.9446	10.892	7.26637996e-11	2.9564e-05	6.67575e-06	3.05178e-05	14.934
3241.2232	10.896	7.26904848e-11	4.76839e-05	3.05178e-05	5.72207e-05	33.87
3244.5016	10.9	7.271717e-11	5.81744e-05	2.6703e-05	6.38966e-05	23.04
3247.7798	10.904	7.27438552e-11	5.53133e-05	3.05178e-05	6.19893e-05	28.758
3251.0591	10.908	7.277054039999999e-11	5.53133e-05	3.71935e-05	6.77113e-05	33.072
3254.3211	10.912	7.27972256e-11	4.95913e-05	6.5804e-05	8.20165e-05	53.496
3257.5998	10.916	7.28239108e-11	1.71663e-05	4.10082e-05	4.48229e-05	68.664
3261.135	10.92	7.2850596e-11	4.76839e-05	2.3842e-05	5.24523e-05	28.494
3264.4138	10.924	7.287728119999999e-11	0.0	6.38966e-05	6.38966e-05	88.212
3267.6923	10.928	7.29039664e-11	2.00273e-05	3.52862e-05	4.10082e-05	60.594
3270.9864	10.932	7.29306516e-11	7.62945e-06	2.47956e-05	2.6703e-05	67.692
3274.5213	10.936	7.29573368e-11	-1.90736e-06	3.05178e-05	3.14715e-05	98.13
3277.8161	10.94	7.2984022e-11	-3.62399e-05	1.33515e-05	3.81472e-05	160.944
3281.0936	10.944	7.30107072e-11	-3.71935e-05	4.86376e-05	6.10356e-05	127.494
3284.3894	10.948	7.30373924e-11	-6.38966e-05	2.47956e-05	6.8665e-05	158.1
3287.9393	10.952	7.306407759999999e-11	-5.72207e-05	5.72208e-06	5.72207e-05	173.514
3291.2184	10.956	7.309076279999999e-11	-8.01091e-05	1.52589e-05	8.29701e-05	168.51
3294.5124	10.96	7.3117448e-11	-6.96187e-05	3.81473e-06	6.77113e-05	176.034
3297.8078	10.964	7.31441332e-11	-8.86922e-05	1.71663e-05	8.96459e-05	169.278
3301.3582	10.968	7.31708184e-11	-7.82018e-05	-1.62126e-05	7.72481e-05	-168.69
3304.6367	10.972	7.31975036e-11	-7.62944e-05	-9.5368e-06	7.43871e-05	-173.322
3307.9147	10.976	7.322418880000001e-11	-5.24523e-05	-3.81473e-06	5.14986e-05	-177.066
3311.2101	10.98	7.325087399999999e-11	-5.6267e-05	-2.3842e-05	6.19893e-05	-157.518
3314.4881	10.984	7.327755919999999e-11	-3.81472e-05	-3.81473e-06	3.52862e-05	-172.332
3317.7671	10.988	7.330424439999999e-11	-1.33515e-05	3.81473e-06	1.14442e-05	154.98
3321.0459	10.992	7.33309296e-11	-3.81473e-06	6.67575e-06	8.58313e-06	121.608
3324.3243	10.996	7.33576148e-11	5.72208e-06	-3.24252e-05	3.14715e-05	-81.348
3327.8747	11.0	7.33843e-11	1.04905e-05	-3.81473e-06	1.04905e-05	-10.008