Time (s) 	 Position (mm) 	 Delay (s) 	 X 	 Y 	 R 	 theta 
#Without Preamplifier,Fluence with Filter (None), ZnTe detector angle 0deg thickness 2mm, Chopper 230Hz, time constant=0.3s 18dB, waiting time= 2.7s, sensitivity=20mV
4.084	0.1	6.6713e-13	1.90736e-05	-1.33515e-05	2.3842e-05	-35.91
7.41	0.2	1.33426e-12	9.5368e-06	-2.86104e-06	1.04905e-05	-20.556
10.6719	0.3	2.00139e-12	1.52589e-05	-9.5368e-06	1.81199e-05	-32.004
13.9511	0.4	2.66852e-12	3.24252e-05	-2.6703e-05	4.19619e-05	-39.918
17.2294	0.5	3.33565e-12	2.86104e-06	-2.28883e-05	2.0981e-05	-78.69
20.5239	0.6	4.00278e-12	3.81473e-06	8.58313e-06	8.58313e-06	70.344
24.0579	0.7	4.66991e-12	3.05178e-05	-1.71663e-05	3.43325e-05	-28.524
27.3369	0.8	5.33704e-12	1.90736e-05	-2.28883e-05	2.9564e-05	-45.0
30.6313	0.9	6.0041699999999994e-12	1.90736e-05	-2.47956e-05	3.05178e-05	-51.912
33.8937	1.0	6.6713e-12	2.47956e-05	-1.23978e-05	2.76567e-05	-28.392
37.4438	1.1	7.33843e-12	-1.90736e-06	6.67575e-06	6.67575e-06	95.712
40.7383	1.2	8.00556e-12	2.3842e-05	-1.62126e-05	2.86103e-05	-31.866
44.0165	1.3	8.67269e-12	1.52589e-05	-2.6703e-05	2.9564e-05	-59.472
47.2953	1.4	9.33982e-12	1.52589e-05	-2.00273e-05	2.57493e-05	-50.016
50.5736	1.5	1.000695e-11	1.62126e-05	6.67575e-06	1.71663e-05	21.804
53.8673	1.6	1.067408e-11	3.05178e-05	-2.76567e-05	3.91009e-05	-43.638
57.1626	1.7	1.1341209999999999e-11	1.52589e-05	-9.5368e-06	1.81199e-05	-27.474
60.4411	1.8	1.2008339999999999e-11	8.58313e-06	-2.19346e-05	2.19346e-05	-67.248
63.9912	1.9	1.2675469999999999e-11	2.9564e-05	3.81473e-06	2.86103e-05	6.792
67.2856	2.0	1.33426e-11	1.62126e-05	-2.76567e-05	3.24252e-05	-60.948
70.58	2.1	1.400973e-11	3.71935e-05	-4.7684e-06	3.71935e-05	-8.43
73.8584	2.2	1.467686e-11	1.71663e-05	-1.14442e-05	2.00273e-05	-28.176
77.1209	2.3	1.5343989999999998e-11	1.71663e-05	-2.47956e-05	2.9564e-05	-56.658
80.3993	2.4	1.601112e-11	1.23978e-05	-2.86104e-06	1.33515e-05	-7.764
83.9496	2.5	1.667825e-11	1.52589e-05	-3.05178e-05	3.33788e-05	-61.926
87.2281	2.6	1.734538e-11	7.62945e-06	-2.86104e-06	8.58313e-06	-22.62
90.5224	2.7	1.801251e-11	1.23978e-05	-4.7684e-06	1.33515e-05	-25.344
93.8168	2.8	1.867964e-11	1.90736e-06	-7.62945e-06	6.67575e-06	-83.658
97.3668	2.9	1.934677e-11	1.23978e-05	-1.71663e-05	2.00273e-05	-50.196
100.6457	3.0	2.00139e-11	2.57493e-05	-2.86104e-06	2.57493e-05	-5.856
103.9239	3.1	2.068103e-11	3.43325e-05	-2.47956e-05	4.19619e-05	-38.514
107.2024	3.2	2.134816e-11	2.86103e-05	5.72208e-06	3.05178e-05	13.17
110.465	3.3	2.2015289999999997e-11	2.00273e-05	-1.04905e-05	2.28883e-05	-20.556
113.7593	3.4	2.2682419999999997e-11	1.43052e-05	-2.00273e-05	2.47956e-05	-52.254
117.3097	3.5	2.3349549999999998e-11	2.6703e-05	-2.86104e-06	2.6703e-05	-4.29
120.6044	3.6	2.4016679999999998e-11	1.52589e-05	-1.81199e-05	2.47956e-05	-50.388
123.8828	3.7	2.468381e-11	3.05178e-05	-3.81473e-06	3.05178e-05	-8.298
127.1607	3.8	2.5350939999999998e-11	2.28883e-05	9.53682e-07	2.28883e-05	1.638
130.6956	3.9	2.601807e-11	2.57493e-05	-3.33788e-05	4.10082e-05	-52.374
133.9895	4.0	2.66852e-11	2.76567e-05	-1.81199e-05	3.43325e-05	-32.802
137.54	4.1	2.7352329999999996e-11	2.28883e-05	-1.33515e-05	2.57493e-05	-28.494
140.8182	4.2	2.801946e-11	2.19346e-05	-2.86104e-06	2.28883e-05	-3.27
144.369	4.3	2.8686589999999996e-11	1.52589e-05	-2.76567e-05	3.05178e-05	-60.708
147.6472	4.4	2.935372e-11	4.7684e-06	-2.86104e-06	5.72208e-06	-12.528
150.9419	4.5	3.0020849999999996e-11	3.52862e-05	-4.7684e-06	3.71935e-05	-5.904
154.2362	4.6	3.0687979999999997e-11	-6.67575e-06	-2.86103e-05	2.86103e-05	-105.594
157.5305	4.7	3.135511e-11	2.6703e-05	-1.23978e-05	3.05178e-05	-23.838
160.8251	4.8	3.202224e-11	2.19346e-05	-2.28883e-05	2.9564e-05	-45.912
164.3594	4.9	3.2689370000000004e-11	9.5368e-06	1.04905e-05	1.33515e-05	45.0
167.6377	5.0	3.33565e-11	5.72208e-06	-1.71663e-05	1.81199e-05	-67.83
171.1872	5.1	3.402363e-11	1.33515e-05	-2.28883e-05	2.76567e-05	-56.688
174.4826	5.2	3.469076e-11	1.52589e-05	5.72208e-06	1.62126e-05	22.62
178.0327	5.3	3.535789e-11	4.57766e-05	-1.14442e-05	4.76839e-05	-12.096
181.2952	5.4	3.602502e-11	1.23978e-05	-1.23978e-05	1.81199e-05	-39.558
184.5736	5.5	3.669215e-11	2.86104e-06	-2.86104e-06	1.90736e-06	-63.438
187.8672	5.6	3.735928e-11	1.23978e-05	-1.62126e-05	2.00273e-05	-48.99
191.1621	5.7	3.802641e-11	3.81472e-05	-2.6703e-05	4.76839e-05	-34.344
194.4406	5.8	3.869354e-11	3.52862e-05	-1.90736e-05	3.91009e-05	-27.438
197.7353	5.9	3.936067e-11	2.19346e-05	1.71663e-05	2.9564e-05	39.642
201.0295	6.0	4.00278e-11	3.05178e-05	-2.28883e-05	3.71935e-05	-37.074
204.5789	6.1	4.0694929999999993e-11	2.86103e-05	-8.58313e-06	2.86103e-05	-14.352