X 	 Y 	 R 	 theta 
#With Preamplifier,Turning the emitter ZnTe, ZnTe detector angle dependance 40deg, Chopper inside probe 388Hz inside Pump 230Hz, time constant=0.3s 18dB, waiting time= 1s, sensitivity=20mV, position 6mm
-0.000148774	-0.000123025	0.000178338	-138.144
2.6703e-05	-4.00546e-05	4.86376e-05	-53.13
2.57493e-05	-1.04905e-05	2.57493e-05	-20.724
2.47956e-05	-3.81473e-06	2.47956e-05	-6.012
1.62126e-05	-1.33515e-05	2.19346e-05	-36.528
3.62399e-05	9.5368e-06	3.71935e-05	15.252
3.71935e-05	-1.62126e-05	4.19619e-05	-22.62
3.52862e-05	-3.14715e-05	4.76839e-05	-41.034
5.0545e-05	-2.19346e-05	5.43597e-05	-23.748
4.48229e-05	-1.04905e-05	4.57766e-05	-12.438
5.6267e-05	-3.33788e-05	6.48503e-05	-31.062
3.91009e-05	-2.00273e-05	4.38693e-05	-26.952
3.43325e-05	-6.67575e-06	3.52862e-05	-9.462
5.14986e-05	-2.0981e-05	5.53133e-05	-23.202
4.48229e-05	0.0	4.48229e-05	2.49
3.33788e-05	-1.62126e-05	3.71935e-05	-26.112
3.14715e-05	-9.5368e-06	3.24252e-05	-15.462
3.05178e-05	-2.00273e-05	3.71935e-05	-31.476
6.38966e-05	-3.33788e-05	7.24797e-05	-26.796
4.57766e-05	-1.33515e-05	4.67303e-05	-16.392
4.00546e-05	2.86104e-06	3.91009e-05	4.926
5.81744e-05	-1.43052e-05	5.9128e-05	-12.666
6.19893e-05	-9.53682e-07	6.19893e-05	-0.624
7.1526e-05	-8.58313e-06	7.24797e-05	-6.864
2.57493e-05	-2.3842e-05	3.33788e-05	-45.804
2.28883e-05	-9.5368e-06	2.47956e-05	-21.804
4.67303e-05	-1.23978e-05	5.0545e-05	-12.768
6.5804e-05	1.90736e-06	6.67577e-05	0.564
5.9128e-05	-2.00273e-05	6.00817e-05	-19.05
2.76567e-05	-1.14442e-05	2.86103e-05	-23.55
3.43325e-05	-4.7684e-06	3.52862e-05	-7.524
7.53407e-05	-2.0981e-05	7.82018e-05	-15.21
4.48229e-05	-1.81199e-05	4.86376e-05	-20.646
5.9128e-05	-1.71663e-05	6.19893e-05	-15.522
5.6267e-05	-2.47956e-05	6.19893e-05	-22.38
4.57766e-05	3.81473e-06	4.57766e-05	4.146
3.62399e-05	-2.86103e-05	4.48229e-05	-37.722
2.9564e-05	-6.67575e-06	2.9564e-05	-11.82
2.86103e-05	-2.0981e-05	3.52862e-05	-35.166
3.05178e-05	-2.0981e-05	3.62399e-05	-32.226
3.33788e-05	2.86104e-06	3.52862e-05	7.524
3.91009e-05	1.33515e-05	4.19619e-05	17.574
4.29156e-05	-2.3842e-05	4.86376e-05	-28.608
3.62399e-05	-2.0981e-05	4.00546e-05	-31.296
2.19346e-05	-1.81199e-05	2.86103e-05	-34.044
4.57766e-05	-3.24252e-05	5.53133e-05	-33.312
3.52862e-05	-2.6703e-05	4.29156e-05	-37.404
2.9564e-05	-9.53682e-07	3.05178e-05	-1.218
2.57493e-05	-3.05178e-05	3.91009e-05	-47.724
7.62945e-06	-9.5368e-06	1.23978e-05	-38.658
5.14986e-05	8.58313e-06	5.24523e-05	8.64
5.14986e-05	-5.72208e-06	5.0545e-05	-6.756
3.52862e-05	-2.3842e-05	4.29156e-05	-30.51
3.52862e-05	-2.86104e-06	3.62399e-05	-3.12
3.62399e-05	-8.58313e-06	3.71935e-05	-13.068
5.9128e-05	3.81473e-06	5.81744e-05	4.548
3.81472e-05	-2.86104e-06	3.71935e-05	-5.016
5.9128e-05	-2.47956e-05	6.48503e-05	-21.906
5.72207e-05	-8.58313e-06	5.6267e-05	-8.13
3.71935e-05	-2.19346e-05	4.19619e-05	-30.966
3.52862e-05	1.90736e-06	3.52862e-05	5.292
4.10082e-05	1.23978e-05	4.29156e-05	16.188
2.3842e-05	8.58313e-06	2.57493e-05	18.888
3.71935e-05	-2.3842e-05	4.38693e-05	-34.158
5.24523e-05	-2.3842e-05	5.72207e-05	-21.18
3.62399e-05	5.72208e-06	3.52862e-05	8.916
3.33788e-05	-2.86104e-06	3.52862e-05	-3.18
4.57766e-05	-1.33515e-05	4.86376e-05	-16.698
4.57766e-05	-2.0981e-05	4.95913e-05	-24.51
2.86103e-05	1.23978e-05	3.05178e-05	23.838
3.05178e-05	1.62126e-05	3.52862e-05	28.008
3.52862e-05	1.62126e-05	3.91009e-05	24.906
5.53133e-05	-1.04905e-05	5.53133e-05	-11.712
4.86376e-05	-2.9564e-05	5.6267e-05	-30.846
4.29156e-05	-2.9564e-05	5.0545e-05	-34.506
3.91009e-05	-3.62399e-05	5.24523e-05	-40.842
4.38693e-05	-1.33515e-05	4.57766e-05	-15.612
6.38966e-05	-1.33515e-05	6.48503e-05	-11.196
4.29156e-05	-1.90736e-05	4.57766e-05	-25.068
5.24523e-05	-3.81472e-05	6.38966e-05	-34.848
4.38693e-05	-2.3842e-05	4.86376e-05	-26.562
7.05724e-05	-2.57493e-05	7.43871e-05	-21.33
5.53133e-05	-9.5368e-06	5.53133e-05	-8.904
5.24523e-05	-2.86104e-06	5.24523e-05	-4.398
4.57766e-05	-9.5368e-06	4.86376e-05	-11.766
4.57766e-05	-2.76567e-05	5.24523e-05	-31.086
4.19619e-05	-3.43325e-05	5.43597e-05	-38.118
6.19893e-05	-4.7684e-06	6.19893e-05	-3.048
6.10356e-05	-3.81473e-06	6.10356e-05	-3.114
2.19346e-05	-2.00273e-05	2.86103e-05	-41.31
3.71935e-05	-4.29156e-05	5.53133e-05	-48.816
3.24252e-05	-1.33515e-05	3.52862e-05	-18.78
5.43597e-05	1.23978e-05	5.43597e-05	12.678
2.9564e-05	-1.90736e-05	3.52862e-05	-34.902
5.6267e-05	-6.67575e-06	5.72207e-05	-5.976
7.24797e-05	-1.04905e-05	7.43871e-05	-7.626
5.0545e-05	-2.9564e-05	5.6267e-05	-32.004
2.9564e-05	-2.0981e-05	3.62399e-05	-34.566
3.52862e-05	-2.00273e-05	3.91009e-05	-31.296
3.52862e-05	-1.81199e-05	3.91009e-05	-27.9
3.24252e-05	-2.28883e-05	3.91009e-05	-33.15
3.05178e-05	-3.52862e-05	4.57766e-05	-47.34
4.29156e-05	-2.0981e-05	4.86376e-05	-23.808
4.95913e-05	-1.43052e-05	5.0545e-05	-17.718
2.57493e-05	-2.86104e-06	2.57493e-05	-4.398
2.00273e-05	-2.28883e-05	2.9564e-05	-49.398
2.9564e-05	2.86104e-06	3.05178e-05	8.838
4.57766e-05	-3.81473e-06	4.57766e-05	-4.086
6.19893e-05	3.81473e-06	6.19893e-05	4.26
4.67303e-05	-5.72208e-06	4.57766e-05	-7.65
3.43325e-05	-2.86104e-06	3.33788e-05	-3.432
2.86103e-05	-1.23978e-05	3.14715e-05	-22.89
4.19619e-05	-2.86104e-06	4.10082e-05	-2.772
3.62399e-05	-1.81199e-05	4.00546e-05	-26.148
3.05178e-05	1.90736e-06	2.9564e-05	5.196
5.53133e-05	-2.19346e-05	6.00817e-05	-19.824
4.19619e-05	-3.43325e-05	5.3406e-05	-39.438
3.71935e-05	-1.04905e-05	4.00546e-05	-12.228
4.38693e-05	1.90736e-06	4.38693e-05	2.604
3.62399e-05	-9.5368e-06	3.71935e-05	-11.112
5.0545e-05	1.23978e-05	5.24523e-05	13.692
5.72207e-05	-6.67575e-06	5.72207e-05	-7.29
2.6703e-05	-1.14442e-05	2.86103e-05	-23.028
2.00273e-05	-3.62399e-05	4.10082e-05	-58.092
3.05178e-05	-6.67575e-06	3.05178e-05	-13.446
5.72207e-05	-3.33788e-05	6.67577e-05	-29.604
7.1526e-05	-2.47956e-05	7.43871e-05	-20.202
5.9128e-05	-3.71935e-05	6.8665e-05	-32.298
4.57766e-05	-1.43052e-05	4.76839e-05	-16.926
3.43325e-05	-3.81473e-06	3.62399e-05	-3.12
5.53133e-05	-8.58313e-06	5.6267e-05	-8.904
3.05178e-05	-1.14442e-05	3.14715e-05	-20.412
3.81472e-05	-1.33515e-05	4.19619e-05	-18.714
4.19619e-05	-2.00273e-05	4.67303e-05	-25.842
3.71935e-05	-2.9564e-05	4.86376e-05	-35.628
3.81472e-05	-1.14442e-05	3.91009e-05	-13.572
5.0545e-05	0.0	5.0545e-05	-0.732
2.28883e-05	-2.9564e-05	3.52862e-05	-51.168
4.10082e-05	1.52589e-05	4.57766e-05	19.98
2.86103e-05	-1.04905e-05	2.86103e-05	-22.518
5.14986e-05	-3.33788e-05	6.19893e-05	-30.126
4.76839e-05	-7.62945e-06	4.86376e-05	-9.966
2.86103e-05	-1.14442e-05	3.05178e-05	-19.23
4.86376e-05	2.86104e-06	4.86376e-05	3.972
3.62399e-05	-1.81199e-05	3.91009e-05	-24.06
5.6267e-05	-1.14442e-05	5.72207e-05	-11.31
6.5804e-05	-1.62126e-05	6.96187e-05	-12.468
6.19893e-05	-5.3406e-05	8.20165e-05	-39.804
5.6267e-05	-2.9564e-05	6.38966e-05	-26.298
6.38966e-05	-3.81472e-05	7.43871e-05	-29.25
5.0545e-05	-4.86376e-05	6.77113e-05	-44.214
5.24523e-05	-3.81472e-05	6.48503e-05	-35.472
3.71935e-05	-2.47956e-05	4.48229e-05	-32.988
3.24252e-05	-4.00546e-05	5.14986e-05	-51.228
3.24252e-05	-6.19893e-05	6.8665e-05	-61.962
6.10356e-05	-3.14715e-05	6.96187e-05	-26.322
4.95913e-05	-2.3842e-05	5.3406e-05	-25.926
3.81472e-05	-4.29156e-05	5.72207e-05	-47.364
5.0545e-05	-3.62399e-05	6.38966e-05	-34.506
2.3842e-05	-3.91009e-05	4.57766e-05	-57.468
2.9564e-05	-4.29156e-05	5.0545e-05	-54.03
4.86376e-05	-4.57766e-05	6.5804e-05	-42.156
5.53133e-05	-3.24252e-05	6.48503e-05	-28.656
4.48229e-05	-3.91009e-05	5.9128e-05	-41.796
5.24523e-05	-3.62399e-05	6.2943e-05	-33.69
2.00273e-05	-9.53682e-07	2.00273e-05	-1.848
2.57493e-05	-1.62126e-05	3.05178e-05	-28.704
1.33515e-05	-4.7684e-06	1.33515e-05	-20.226
1.90736e-05	-1.33515e-05	2.19346e-05	-34.158
3.05178e-05	-2.28883e-05	3.62399e-05	-34.566
3.71935e-05	-6.67575e-06	3.91009e-05	-8.676
3.05178e-05	-1.71663e-05	3.43325e-05	-31.536
3.05178e-05	-2.00273e-05	3.71935e-05	-28.854
4.48229e-05	-9.53682e-07	4.48229e-05	0.0
2.00273e-05	-1.33515e-05	2.47956e-05	-29.196
1.71663e-05	-8.58313e-06	1.81199e-05	-22.932
0.0	4.7684e-06	4.7684e-06	74.052
-3.81473e-06	-1.14442e-05	1.04905e-05	-115.02
-2.86104e-06	-1.43052e-05	1.33515e-05	-100.782
1.90736e-05	-1.43052e-05	2.28883e-05	-37.878
2.9564e-05	2.86104e-06	3.05178e-05	6.072
4.00546e-05	0.0	4.10082e-05	0.924
3.52862e-05	6.67575e-06	3.62399e-05	8.274
4.57766e-05	-1.90736e-05	4.95913e-05	-22.506
3.24252e-05	-2.00273e-05	3.91009e-05	-27.9
3.91009e-05	-1.14442e-05	4.19619e-05	-14.472
2.86103e-05	-1.81199e-05	3.24252e-05	-33.366
1.81199e-05	-3.43325e-05	3.71935e-05	-60.252
2.19346e-05	-6.67575e-06	2.3842e-05	-18.432
3.05178e-05	-2.9564e-05	4.19619e-05	-43.728
1.81199e-05	-3.62399e-05	3.91009e-05	-59.532
2.86103e-05	-2.86103e-05	3.91009e-05	-45.0
2.9564e-05	-3.14715e-05	4.19619e-05	-48.216
5.72208e-06	5.72208e-06	8.58313e-06	36.87
1.90736e-05	-2.86104e-06	1.90736e-05	-5.904
2.19346e-05	-1.33515e-05	2.6703e-05	-24.102
1.23978e-05	1.62126e-05	2.0981e-05	53.844
1.52589e-05	-7.62945e-06	1.62126e-05	-27.552
4.7684e-06	-2.86104e-06	5.72208e-06	-23.964
2.76567e-05	-3.33788e-05	4.29156e-05	-48.078
2.9564e-05	-3.81473e-06	2.86103e-05	-5.316
1.52589e-05	-1.62126e-05	2.28883e-05	-45.0
-3.81473e-06	-1.23978e-05	1.14442e-05	-103.242
1.04905e-05	-1.33515e-05	1.71663e-05	-41.988
2.57493e-05	0.0	2.57493e-05	-1.47
6.67575e-06	-9.5368e-06	1.04905e-05	-50.712
1.04905e-05	-1.14442e-05	1.62126e-05	-36.87
7.62945e-06	-1.81199e-05	1.90736e-05	-63.438
3.24252e-05	5.72208e-06	3.24252e-05	15.462
9.5368e-06	1.14442e-05	1.52589e-05	45.0
2.3842e-05	-1.23978e-05	2.3842e-05	-27.978
5.72208e-06	-1.62126e-05	1.81199e-05	-62.526
1.71663e-05	-1.71663e-05	2.47956e-05	-41.76
1.90736e-05	6.67575e-06	2.00273e-05	23.202
1.04905e-05	-2.3842e-05	2.57493e-05	-62.178
1.71663e-05	-1.62126e-05	2.3842e-05	-35.91
3.71935e-05	-1.43052e-05	3.91009e-05	-20.556
2.19346e-05	-1.33515e-05	2.57493e-05	-31.218
2.57493e-05	-1.71663e-05	3.14715e-05	-28.14
2.9564e-05	0.0	3.05178e-05	1.218
2.0981e-05	8.58313e-06	2.28883e-05	24.306
1.23978e-05	-3.81473e-06	1.52589e-05	-7.122
3.52862e-05	-6.67575e-06	3.52862e-05	-8.748
3.43325e-05	-1.43052e-05	3.52862e-05	-22.206
3.05178e-05	-1.62126e-05	3.52862e-05	-26.094
2.19346e-05	-1.14442e-05	2.57493e-05	-25.278
1.90736e-05	-2.0981e-05	2.86103e-05	-45.912
3.52862e-05	-2.28883e-05	4.00546e-05	-33.69
3.52862e-05	2.86104e-06	3.43325e-05	5.598
2.86103e-05	3.81473e-06	2.57493e-05	10.44
2.86103e-05	-1.14442e-05	3.05178e-05	-23.358
8.58313e-06	-2.00273e-05	2.19346e-05	-70.464
1.71663e-05	1.23978e-05	2.3842e-05	34.116
4.76839e-05	-2.86104e-06	4.86376e-05	-3.864
1.43052e-05	-2.3842e-05	2.76567e-05	-60.948
1.43052e-05	1.52589e-05	2.19346e-05	46.218
2.3842e-05	3.81473e-06	2.57493e-05	10.176
2.6703e-05	-2.86104e-06	2.6703e-05	-4.29
2.86104e-06	-6.67575e-06	5.72208e-06	-66.036
1.52589e-05	-2.19346e-05	2.6703e-05	-52.596
3.71935e-05	-9.53682e-07	3.52862e-05	1.08
4.7684e-06	-5.72208e-06	7.62945e-06	-45.0
1.62126e-05	0.0	1.62126e-05	2.202
3.05178e-05	1.90736e-06	3.05178e-05	4.968
1.90736e-05	-1.14442e-05	2.00273e-05	-29.25
2.28883e-05	1.23978e-05	2.86103e-05	30.066
5.72207e-05	2.86104e-06	5.72207e-05	3.33
4.86376e-05	-1.33515e-05	5.0545e-05	-15.846
1.23978e-05	-1.14442e-05	1.71663e-05	-36.87
1.62126e-05	-1.62126e-05	2.0981e-05	-42.396
1.90736e-05	-1.62126e-05	2.3842e-05	-39.402
-1.14442e-05	-2.47956e-05	2.57493e-05	-115.278
1.33515e-05	-6.67575e-06	1.52589e-05	-21.372
1.90736e-05	2.28883e-05	2.9564e-05	50.358
2.6703e-05	5.72208e-06	2.76567e-05	11.04
3.05178e-05	1.33515e-05	3.14715e-05	28.704
-1.14442e-05	-2.00273e-05	2.19346e-05	-115.02
-2.00273e-05	-2.6703e-05	3.24252e-05	-129.96
2.86104e-06	-2.0981e-05	2.0981e-05	-75.528
3.81473e-06	-4.7684e-06	3.81473e-06	-63.438
1.52589e-05	-2.00273e-05	2.3842e-05	-50.388
4.7684e-06	-1.90736e-05	1.81199e-05	-70.908
3.81473e-06	-9.53682e-07	3.81473e-06	-8.13
8.58313e-06	-3.14715e-05	3.24252e-05	-72.3
1.62126e-05	-1.43052e-05	2.19346e-05	-41.184
2.6703e-05	-3.91009e-05	4.67303e-05	-55.866
-2.86104e-06	-2.00273e-05	1.90736e-05	-95.712
1.23978e-05	-1.23978e-05	1.62126e-05	-41.82
2.86103e-05	-6.67575e-06	2.86103e-05	-14.676
3.05178e-05	-3.05178e-05	4.19619e-05	-43.11
1.04905e-05	-4.7684e-06	1.04905e-05	-25.02
2.28883e-05	-9.5368e-06	2.3842e-05	-20.376
1.23978e-05	-6.67575e-06	1.52589e-05	-26.562
2.3842e-05	-3.33788e-05	4.00546e-05	-53.694
2.28883e-05	-1.43052e-05	2.57493e-05	-32.472
1.14442e-05	-2.6703e-05	2.86103e-05	-64.59
9.5368e-06	-7.62945e-06	1.23978e-05	-33.69
2.00273e-05	-1.14442e-05	2.28883e-05	-30.144
6.67575e-06	-8.58313e-06	1.14442e-05	-45.0
1.23978e-05	-2.6703e-05	2.86103e-05	-64.026
2.19346e-05	-1.71663e-05	2.86103e-05	-36.12
3.05178e-05	-3.81472e-05	4.67303e-05	-52.482
-8.58313e-06	-2.76567e-05	2.76567e-05	-107.1
3.05178e-05	-2.57493e-05	4.00546e-05	-39.684
3.33788e-05	-2.0981e-05	3.81472e-05	-32.856
8.58313e-06	-1.90736e-06	8.58313e-06	-17.1
5.72208e-06	-4.7684e-06	6.67575e-06	-26.562
8.58313e-06	-6.67575e-06	1.23978e-05	-30.468
1.14442e-05	-7.62945e-06	1.23978e-05	-38.658
9.53682e-07	-1.81199e-05	1.71663e-05	-87.708
1.14442e-05	-2.3842e-05	2.47956e-05	-62.742
1.62126e-05	-2.57493e-05	3.05178e-05	-55.62
2.19346e-05	-2.86104e-06	2.28883e-05	-1.638
3.14715e-05	-4.7684e-06	3.14715e-05	-9.66
9.5368e-06	-1.81199e-05	1.90736e-05	-63.438
-6.67575e-06	-7.62945e-06	8.58313e-06	-124.992
-6.67575e-06	-1.14442e-05	1.23978e-05	-112.38
1.71663e-05	1.04905e-05	2.19346e-05	31.83
2.3842e-05	-2.76567e-05	3.62399e-05	-47.172
4.57766e-05	-2.47956e-05	5.24523e-05	-26.886
2.86103e-05	-1.14442e-05	3.05178e-05	-19.98
-4.7684e-06	-1.43052e-05	1.52589e-05	-104.622
2.3842e-05	-9.5368e-06	2.57493e-05	-19.356
1.81199e-05	-2.57493e-05	2.9564e-05	-56.31
2.6703e-05	-2.0981e-05	3.52862e-05	-34.566
2.00273e-05	-1.62126e-05	2.3842e-05	-39.174
1.71663e-05	-1.62126e-05	2.19346e-05	-40.032
9.5368e-06	-2.3842e-05	2.3842e-05	-65.556
2.76567e-05	-1.90736e-05	3.24252e-05	-35.274
2.86103e-05	-2.0981e-05	3.62399e-05	-35.418
3.05178e-05	-1.04905e-05	3.24252e-05	-15.462
2.6703e-05	-1.23978e-05	2.86103e-05	-23.028
2.28883e-05	-4.7684e-06	2.3842e-05	-12.876
2.3842e-05	-2.86104e-06	2.19346e-05	-3.576
3.43325e-05	-1.04905e-05	3.71935e-05	-15.252
1.71663e-05	-1.33515e-05	2.19346e-05	-33.69
2.57493e-05	-3.14715e-05	4.10082e-05	-50.082
9.5368e-06	4.7684e-06	1.04905e-05	30.966
3.81473e-06	1.52589e-05	1.62126e-05	75.966
1.71663e-05	-2.47956e-05	2.9564e-05	-53.88
4.38693e-05	-9.5368e-06	4.57766e-05	-10.668
2.57493e-05	-9.5368e-06	2.6703e-05	-17.1
2.57493e-05	-4.7684e-06	2.3842e-05	-9.21
-1.71663e-05	-1.71663e-05	2.19346e-05	-132.612
1.33515e-05	-1.62126e-05	2.00273e-05	-47.604
1.14442e-05	-3.05178e-05	3.14715e-05	-67.752
1.62126e-05	-3.14715e-05	3.52862e-05	-58.326
2.57493e-05	-3.62399e-05	4.29156e-05	-54.564
-1.14442e-05	-1.62126e-05	1.90736e-05	-127.692
2.00273e-05	-1.52589e-05	2.47956e-05	-36.57
3.81473e-06	-2.28883e-05	2.19346e-05	-74.748
2.3842e-05	-2.00273e-05	3.14715e-05	-38.088
3.43325e-05	1.52589e-05	3.71935e-05	22.38
1.23978e-05	-3.14715e-05	3.33788e-05	-66.948
4.7684e-06	-2.3842e-05	2.3842e-05	-75.174
2.28883e-05	-1.23978e-05	2.57493e-05	-25.908
2.86104e-06	1.90736e-06	3.81473e-06	18.432
-9.53682e-07	-9.53682e-07	0.0	-135.0
3.71935e-05	2.00273e-05	4.38693e-05	27.72
2.28883e-05	-7.62945e-06	2.3842e-05	-19.44
3.14715e-05	-1.33515e-05	3.52862e-05	-22.782
2.57493e-05	-2.00273e-05	3.24252e-05	-36.87
2.47956e-05	-2.6703e-05	3.52862e-05	-45.762
1.62126e-05	-3.33788e-05	3.52862e-05	-63.438
3.52862e-05	-1.04905e-05	3.52862e-05	-14.034
3.81473e-06	-3.14715e-05	3.14715e-05	-81.528
1.04905e-05	1.90736e-06	1.04905e-05	16.392
1.23978e-05	2.19346e-05	2.3842e-05	59.856
2.19346e-05	-1.04905e-05	2.3842e-05	-23.808
-2.86104e-06	-3.14715e-05	3.05178e-05	-96.204
2.86104e-06	-1.14442e-05	1.04905e-05	-82.404
-7.62945e-06	-1.33515e-05	1.43052e-05	-120.066
1.14442e-05	-3.05178e-05	3.24252e-05	-64.488
1.52589e-05	-2.00273e-05	2.28883e-05	-52.122
1.90736e-05	-1.62126e-05	2.47956e-05	-38.886
2.6703e-05	0.0	2.6703e-05	4.188
2.19346e-05	-1.62126e-05	2.57493e-05	-38.886
2.00273e-05	-6.67575e-06	2.19346e-05	-13.626
3.43325e-05	-3.24252e-05	4.76839e-05	-42.756
3.43325e-05	-3.33788e-05	4.57766e-05	-45.0
3.81473e-06	-2.6703e-05	2.57493e-05	-78.408
2.28883e-05	-3.62399e-05	4.19619e-05	-56.562
2.86103e-05	-2.57493e-05	3.71935e-05	-42.066
-6.67575e-06	-2.9564e-05	2.86103e-05	-107.592
-8.58313e-06	-2.47956e-05	2.57493e-05	-105.75
1.62126e-05	-9.5368e-06	2.00273e-05	-24.144
2.19346e-05	-9.5368e-06	2.3842e-05	-24.444
2.00273e-05	-2.28883e-05	3.05178e-05	-43.314
2.6703e-05	-1.33515e-05	3.05178e-05	-25.464
2.00273e-05	-2.28883e-05	3.05178e-05	-48.468
3.71935e-05	-1.90736e-06	3.71935e-05	-2.01
8.58313e-06	-2.3842e-05	2.47956e-05	-71.568
8.58313e-06	-2.9564e-05	2.9564e-05	-73.182
1.23978e-05	-9.53682e-07	1.23978e-05	3.012
1.81199e-05	-3.81473e-06	1.81199e-05	-7.854
2.3842e-05	-1.14442e-05	2.57493e-05	-27.822
9.5368e-06	-1.62126e-05	1.71663e-05	-55.176
1.23978e-05	-1.62126e-05	1.90736e-05	-48.99
1.43052e-05	-1.33515e-05	1.90736e-05	-38.37
1.90736e-05	3.81473e-06	2.0981e-05	14.472
1.62126e-05	-2.86103e-05	3.24252e-05	-59.826
1.90736e-05	-1.62126e-05	2.28883e-05	-40.428
2.9564e-05	7.62945e-06	3.05178e-05	15.78
1.52589e-05	-1.71663e-05	2.0981e-05	-48.816
5.72208e-06	-2.0981e-05	2.19346e-05	-64.176
3.52862e-05	-1.62126e-05	3.71935e-05	-22.38
4.19619e-05	-1.90736e-05	4.67303e-05	-25.158
2.86103e-05	-1.43052e-05	3.14715e-05	-26.562
3.05178e-05	-1.43052e-05	3.33788e-05	-22.008
2.0981e-05	3.81473e-06	2.00273e-05	17.244
1.14442e-05	5.72208e-06	1.23978e-05	22.38
3.14715e-05	-4.7684e-06	3.24252e-05	-5.598
1.23978e-05	-2.86104e-06	1.04905e-05	-18.432
1.23978e-05	-2.47956e-05	2.57493e-05	-64.722
2.19346e-05	8.58313e-06	2.3842e-05	20.922
3.14715e-05	9.53682e-07	3.14715e-05	1.17
5.72208e-06	-6.67575e-06	8.58313e-06	-50.712
-6.67575e-06	-2.57493e-05	2.47956e-05	-104.034
1.52589e-05	-1.43052e-05	2.00273e-05	-34.212
0.0	3.81473e-06	3.81473e-06	59.034
1.04905e-05	-2.28883e-05	2.47956e-05	-58.782
3.52862e-05	-1.90736e-05	3.91009e-05	-28.302
3.91009e-05	-2.6703e-05	4.67303e-05	-37.032
2.0981e-05	-2.28883e-05	2.76567e-05	-48.012
1.90736e-05	-1.90736e-06	1.90736e-05	-5.712
2.28883e-05	-3.05178e-05	3.81472e-05	-51.792
2.6703e-05	3.81473e-06	2.6703e-05	12.996
-6.67575e-06	-2.19346e-05	2.19346e-05	-109.536
-9.5368e-06	-1.14442e-05	1.23978e-05	-122.904
9.5368e-06	-2.47956e-05	2.57493e-05	-73.008
0.0	-2.28883e-05	2.19346e-05	-88.266
9.5368e-06	-1.43052e-05	1.62126e-05	-51.708
2.6703e-05	6.67575e-06	2.76567e-05	15.018
1.23978e-05	-2.0981e-05	2.3842e-05	-60.642
1.81199e-05	-2.28883e-05	2.86103e-05	-49.686
1.04905e-05	-1.14442e-05	1.71663e-05	-30.582
1.04905e-05	-1.33515e-05	1.62126e-05	-54.462
5.72208e-06	-1.14442e-05	1.23978e-05	-62.1
5.72208e-06	-8.58313e-06	9.5368e-06	-52.434
9.5368e-06	-2.86104e-06	1.04905e-05	-13.242
3.24252e-05	-1.04905e-05	3.52862e-05	-16.392
4.76839e-05	-1.81199e-05	5.0545e-05	-20.112
3.81472e-05	-1.33515e-05	4.19619e-05	-16.698
4.76839e-05	1.90736e-06	4.86376e-05	2.262
3.71935e-05	-1.90736e-05	3.91009e-05	-27.438
2.57493e-05	1.90736e-06	2.47956e-05	4.512
9.5368e-06	-2.9564e-05	3.05178e-05	-70.77
1.71663e-05	-1.23978e-05	2.0981e-05	-33.69
1.23978e-05	-3.14715e-05	3.24252e-05	-69.306
2.9564e-05	-3.33788e-05	4.38693e-05	-46.194
2.57493e-05	-2.0981e-05	3.24252e-05	-40.104
1.90736e-06	-5.72208e-06	4.7684e-06	-51.342
2.86104e-06	0.0	2.86104e-06	-11.31
2.00273e-05	-2.28883e-05	3.05178e-05	-46.734
1.81199e-05	-3.81473e-06	1.90736e-05	-9.78
2.47956e-05	-2.86104e-06	2.57493e-05	-5.712
8.58313e-06	-5.72208e-06	8.58313e-06	-34.992
1.90736e-06	-2.19346e-05	2.0981e-05	-79.692
7.62945e-06	-6.67575e-06	1.04905e-05	-34.698
3.24252e-05	-1.62126e-05	3.52862e-05	-25.602
2.28883e-05	-1.43052e-05	2.86103e-05	-27.756
4.00546e-05	-5.72208e-06	4.00546e-05	-6.654
1.23978e-05	-6.67575e-06	1.23978e-05	-36.252
1.81199e-05	0.0	1.71663e-05	0.0
8.58313e-06	-1.52589e-05	1.62126e-05	-58.242
1.14442e-05	-6.67575e-06	1.33515e-05	-31.428
1.52589e-05	-2.57493e-05	2.86103e-05	-58.812
-2.86104e-06	-4.95913e-05	4.95913e-05	-93.762
1.62126e-05	-2.3842e-05	2.76567e-05	-53.976
3.33788e-05	-1.90736e-06	3.33788e-05	-4.482
9.53682e-07	-3.14715e-05	3.05178e-05	-86.268
2.3842e-05	-1.81199e-05	2.86103e-05	-36.606
-1.90736e-06	-3.81472e-05	3.71935e-05	-93.012
6.67575e-06	-1.62126e-05	1.71663e-05	-69.444
2.19346e-05	-1.90736e-05	2.76567e-05	-42.09
1.23978e-05	-6.67575e-06	1.23978e-05	-19.44
2.6703e-05	-7.62945e-06	2.9564e-05	-16.116
4.19619e-05	-2.19346e-05	4.57766e-05	-27.678
1.90736e-06	-4.29156e-05	4.19619e-05	-88.212
2.19346e-05	-2.3842e-05	3.14715e-05	-46.686
2.86104e-06	-1.62126e-05	1.52589e-05	-70.824
1.14442e-05	-8.58313e-06	1.43052e-05	-30.966
1.04905e-05	-2.28883e-05	2.47956e-05	-62.784
2.6703e-05	-1.81199e-05	3.24252e-05	-32.736
3.24252e-05	-9.5368e-06	3.52862e-05	-15.348
3.05178e-05	-1.62126e-05	3.43325e-05	-29.052
1.23978e-05	-3.91009e-05	4.00546e-05	-70.974
1.62126e-05	-4.29156e-05	4.48229e-05	-71.028
9.5368e-06	-9.5368e-06	1.43052e-05	-28.812
3.05178e-05	-3.81473e-06	2.9564e-05	-6.63
8.58313e-06	2.57493e-05	2.6703e-05	76.674
3.33788e-05	-1.62126e-05	3.91009e-05	-24.06
3.33788e-05	-2.00273e-05	3.81472e-05	-31.8
3.81473e-06	-3.14715e-05	3.14715e-05	-81.348
1.90736e-05	-3.14715e-05	3.62399e-05	-57.774
2.9564e-05	-2.47956e-05	3.91009e-05	-36.672
3.14715e-05	-3.81473e-06	3.14715e-05	-9.66
1.52589e-05	-4.00546e-05	4.19619e-05	-70.71
3.62399e-05	-2.28883e-05	4.19619e-05	-31.722
9.5368e-06	-1.81199e-05	1.90736e-05	-64.356
2.86103e-05	-8.58313e-06	3.14715e-05	-14.322
3.33788e-05	0.0	3.43325e-05	1.104
4.00546e-05	1.23978e-05	4.19619e-05	16.968
2.19346e-05	-3.14715e-05	3.71935e-05	-54.924
2.86103e-05	-3.05178e-05	4.10082e-05	-47.022
3.24252e-05	-3.14715e-05	4.38693e-05	-43.782
3.05178e-05	-2.6703e-05	3.91009e-05	-42.276
4.00546e-05	-1.71663e-05	4.38693e-05	-21.162
3.52862e-05	-1.81199e-05	3.91009e-05	-25.254
8.58313e-06	-1.81199e-05	1.90736e-05	-60.75
2.6703e-05	-2.86104e-06	2.6703e-05	-4.29
1.33515e-05	-5.72208e-06	1.62126e-05	-20.556
4.19619e-05	-1.71663e-05	4.57766e-05	-22.11
1.23978e-05	-2.19346e-05	2.3842e-05	-56.766
1.33515e-05	-1.62126e-05	2.19346e-05	-49.572
-9.53682e-07	-9.5368e-06	8.58313e-06	-114.444
2.3842e-05	1.90736e-06	2.3842e-05	4.638
2.47956e-05	-1.43052e-05	2.86103e-05	-27.15
4.38693e-05	-9.5368e-06	4.38693e-05	-11.484
0.0	-3.81473e-06	3.81473e-06	-53.13
2.28883e-05	-6.67575e-06	2.19346e-05	-16.86
3.81473e-06	-3.14715e-05	3.24252e-05	-81.87
1.33515e-05	-2.19346e-05	2.57493e-05	-51.114
3.71935e-05	-2.28883e-05	4.19619e-05	-31.908
2.3842e-05	-2.0981e-05	3.14715e-05	-39.804
2.0981e-05	-2.3842e-05	3.24252e-05	-45.0
3.05178e-05	-1.04905e-05	3.24252e-05	-20.958
3.52862e-05	-2.0981e-05	4.00546e-05	-30.324
1.23978e-05	-1.81199e-05	2.0981e-05	-57.804
0.0	-2.86104e-06	9.53682e-07	-45.0
-9.53682e-07	1.90736e-06	1.90736e-06	26.562
3.91009e-05	-4.7684e-06	3.91009e-05	-6.768
2.6703e-05	-3.43325e-05	4.38693e-05	-51.072
1.23978e-05	-3.62399e-05	3.71935e-05	-72.216
1.90736e-05	-2.00273e-05	2.6703e-05	-43.998
1.33515e-05	-1.14442e-05	1.71663e-05	-37.692
1.62126e-05	-8.58313e-06	1.90736e-05	-25.71
2.57493e-05	-2.28883e-05	3.52862e-05	-37.506
1.90736e-05	-1.62126e-05	2.47956e-05	-38.418
1.23978e-05	-7.62945e-06	1.33515e-05	-31.428
2.3842e-05	-1.33515e-05	2.76567e-05	-26.562
1.14442e-05	-7.62945e-06	1.33515e-05	-37.404
1.04905e-05	0.0	1.04905e-05	3.576
2.86104e-06	2.86104e-06	4.7684e-06	20.556
1.04905e-05	8.58313e-06	1.52589e-05	34.38
2.00273e-05	0.0	1.90736e-05	1.908
1.90736e-05	-2.6703e-05	3.24252e-05	-53.808
2.3842e-05	1.90736e-06	2.3842e-05	8.13
1.52589e-05	-1.90736e-05	2.47956e-05	-48.12
2.6703e-05	-6.67575e-06	2.57493e-05	-15.75
1.90736e-05	-1.14442e-05	2.19346e-05	-26.562
1.90736e-05	-4.7684e-06	1.81199e-05	-15.066
2.00273e-05	9.5368e-06	2.19346e-05	30.378
7.62945e-06	3.81473e-06	8.58313e-06	26.562
2.86103e-05	8.58313e-06	2.86103e-05	17.592
1.52589e-05	-2.9564e-05	3.24252e-05	-59.826
2.57493e-05	-2.6703e-05	3.71935e-05	-45.726
1.04905e-05	-7.62945e-06	1.23978e-05	-32.904
6.67575e-06	-9.5368e-06	1.04905e-05	-42.708
1.33515e-05	0.0	1.52589e-05	2.49
2.57493e-05	-9.53682e-07	2.57493e-05	-2.79
1.81199e-05	-1.81199e-05	2.57493e-05	-45.0
2.0981e-05	-4.7684e-06	2.0981e-05	-11.31
1.04905e-05	-1.04905e-05	1.52589e-05	-41.82
2.00273e-05	-1.62126e-05	2.3842e-05	-33.276
1.04905e-05	7.62945e-06	1.52589e-05	33.024
2.3842e-05	-1.23978e-05	2.57493e-05	-28.494
3.24252e-05	-1.33515e-05	3.52862e-05	-21.192
1.43052e-05	-5.72208e-06	1.52589e-05	-19.176
3.71935e-05	-3.81473e-06	3.71935e-05	-3.012
3.62399e-05	-3.81473e-06	3.52862e-05	-7.524
3.52862e-05	-1.71663e-05	3.91009e-05	-23.964
1.90736e-05	-8.58313e-06	2.0981e-05	-20.136
1.52589e-05	-1.43052e-05	1.90736e-05	-45.0
1.04905e-05	-9.5368e-06	1.33515e-05	-37.404
2.6703e-05	-1.33515e-05	2.9564e-05	-27.12
1.81199e-05	-2.9564e-05	3.52862e-05	-58.11
2.19346e-05	-1.71663e-05	2.86103e-05	-34.44
2.47956e-05	-1.23978e-05	2.86103e-05	-25.974
-1.23978e-05	-9.5368e-06	1.71663e-05	-151.56
-7.62945e-06	0.0	3.81473e-06	161.568
1.23978e-05	-1.81199e-05	2.0981e-05	-60.252
-9.53682e-07	-2.0981e-05	1.90736e-05	-93.942
1.71663e-05	-4.7684e-06	1.90736e-05	-17.244
1.52589e-05	-2.47956e-05	2.86103e-05	-59.934
1.04905e-05	-2.9564e-05	3.14715e-05	-67.284
2.3842e-05	-1.14442e-05	2.6703e-05	-22.836
2.00273e-05	-1.33515e-05	2.3842e-05	-31.506
2.00273e-05	-3.81473e-06	1.90736e-05	-9.462
1.04905e-05	-7.62945e-06	1.23978e-05	-32.904
1.90736e-05	-1.81199e-05	2.57493e-05	-41.988
2.19346e-05	-2.47956e-05	3.24252e-05	-46.59
2.6703e-05	9.53682e-07	2.76567e-05	1.362
2.3842e-05	-9.53682e-07	2.28883e-05	-3.27
1.23978e-05	-1.81199e-05	2.00273e-05	-55.788
3.05178e-05	-9.5368e-06	3.24252e-05	-15.156
6.67575e-06	-8.58313e-06	1.04905e-05	-47.49
1.43052e-05	-2.00273e-05	2.3842e-05	-53.43
6.67575e-06	-9.5368e-06	1.14442e-05	-40.236
1.23978e-05	-2.76567e-05	2.9564e-05	-64.59
1.43052e-05	-1.23978e-05	1.81199e-05	-40.602
-2.86104e-06	-2.0981e-05	2.00273e-05	-95.526
-6.67575e-06	-2.86104e-06	5.72208e-06	-173.658
1.71663e-05	1.23978e-05	2.19346e-05	37.566
8.58313e-06	-1.04905e-05	1.52589e-05	-50.196
4.10082e-05	-1.62126e-05	4.38693e-05	-19.83
4.57766e-05	-9.53682e-07	4.48229e-05	-1.686
1.52589e-05	-3.81473e-06	1.43052e-05	-13.392
8.58313e-06	-2.6703e-05	2.76567e-05	-71.994
1.90736e-06	-2.47956e-05	2.3842e-05	-86.904
1.90736e-06	-2.57493e-05	2.3842e-05	-82.302
5.72208e-06	-1.71663e-05	1.71663e-05	-73.494
1.90736e-06	-3.33788e-05	3.14715e-05	-86.346
-7.62945e-06	-6.67575e-06	9.5368e-06	-148.392
4.7684e-06	0.0	5.72208e-06	-10.308
1.23978e-05	-4.29156e-05	4.38693e-05	-73.218
-1.71663e-05	-1.71663e-05	2.3842e-05	-136.122
0.0	-4.7684e-06	5.72208e-06	-49.398
1.90736e-06	-1.04905e-05	1.04905e-05	-86.634
-2.86104e-06	-3.14715e-05	3.05178e-05	-91.218
3.71935e-05	-4.00546e-05	5.24523e-05	-46.02
1.71663e-05	-2.86104e-06	1.62126e-05	-7.122
1.90736e-06	-2.28883e-05	2.28883e-05	-80.274
2.57493e-05	-1.81199e-05	3.05178e-05	-38.658
2.6703e-05	-1.04905e-05	2.86103e-05	-18.006
-1.14442e-05	-6.67575e-06	1.23978e-05	-145.494
1.33515e-05	-2.86104e-06	1.52589e-05	-7.122
2.28883e-05	-2.6703e-05	3.33788e-05	-50.478
1.23978e-05	-4.7684e-06	1.33515e-05	-15.948
6.67575e-06	-2.00273e-05	2.00273e-05	-69.228
4.57766e-05	-1.62126e-05	4.86376e-05	-18.432
1.71663e-05	-6.67575e-06	1.71663e-05	-20.556
1.23978e-05	-7.62945e-06	1.43052e-05	-26.562
1.33515e-05	-2.19346e-05	2.57493e-05	-57.528
3.24252e-05	-1.62126e-05	3.52862e-05	-27.048
2.86104e-06	-3.91009e-05	3.91009e-05	-80.382
5.72208e-06	-1.14442e-05	1.23978e-05	-62.1
-2.86104e-06	-2.28883e-05	2.19346e-05	-95.196
1.23978e-05	-3.33788e-05	3.52862e-05	-71.568
3.81473e-06	-1.62126e-05	1.52589e-05	-70.824
8.58313e-06	-2.76567e-05	2.86103e-05	-69.444
2.86104e-06	-8.58313e-06	8.58313e-06	-77.004
2.86104e-06	-1.71663e-05	1.71663e-05	-85.764
-8.58313e-06	-2.57493e-05	2.57493e-05	-103.668
3.05178e-05	-3.24252e-05	4.38693e-05	-44.394
1.62126e-05	-1.52589e-05	2.19346e-05	-40.032
2.00273e-05	-1.23978e-05	2.19346e-05	-30.378
1.04905e-05	-3.81473e-06	1.04905e-05	-19.656
1.14442e-05	-1.43052e-05	1.71663e-05	-49.638
3.81473e-06	-3.33788e-05	3.33788e-05	-82.332
2.86103e-05	5.72208e-06	2.9564e-05	12.804
3.05178e-05	-3.05178e-05	4.29156e-05	-45.0
3.62399e-05	-2.47956e-05	4.38693e-05	-32.988
1.23978e-05	-2.47956e-05	2.57493e-05	-65.43
-4.7684e-06	-1.04905e-05	1.04905e-05	-112.38
1.23978e-05	-2.9564e-05	3.14715e-05	-67.752
3.91009e-05	-7.62945e-06	3.81472e-05	-11.112
1.14442e-05	-1.81199e-05	2.00273e-05	-51.342
2.6703e-05	-2.28883e-05	3.52862e-05	-38.832
1.04905e-05	-9.5368e-06	1.33515e-05	-41.184
-3.81473e-06	-2.0981e-05	2.00273e-05	-99.162
1.71663e-05	-4.7684e-06	1.71663e-05	-12.996
6.67575e-06	-1.52589e-05	1.62126e-05	-64.44
1.62126e-05	-2.6703e-05	3.05178e-05	-54.606
3.43325e-05	-4.7684e-06	3.33788e-05	-6.84
3.52862e-05	-2.47956e-05	4.29156e-05	-36.348
1.33515e-05	-3.81472e-05	3.91009e-05	-69.774
2.86104e-06	-3.05178e-05	2.9564e-05	-86.184
8.58313e-06	-3.62399e-05	3.71935e-05	-76.704
8.58313e-06	-4.29156e-05	4.29156e-05	-76.608
3.81473e-06	-4.76839e-05	4.67303e-05	-84.372
1.23978e-05	-1.81199e-05	2.0981e-05	-59.622
3.05178e-05	-4.29156e-05	5.24523e-05	-53.274
3.05178e-05	-1.14442e-05	3.24252e-05	-15.78
2.28883e-05	-1.14442e-05	2.57493e-05	-27.216
8.58313e-06	-1.14442e-05	1.23978e-05	-57.096
2.19346e-05	-7.62945e-06	2.3842e-05	-17.448
2.47956e-05	-1.62126e-05	3.05178e-05	-31.374
8.58313e-06	-1.90736e-05	1.90736e-05	-71.568
1.52589e-05	-9.53682e-07	1.52589e-05	-2.292
2.47956e-05	-1.33515e-05	2.76567e-05	-28.392
-1.90736e-06	-2.9564e-05	2.86103e-05	-91.332
2.0981e-05	-4.7684e-06	2.3842e-05	-10.716
4.10082e-05	-9.5368e-06	4.19619e-05	-13.812
2.57493e-05	-1.81199e-05	3.05178e-05	-36.12
3.24252e-05	0.0	3.24252e-05	-1.146
3.05178e-05	-2.47956e-05	3.71935e-05	-41.466
3.62399e-05	-3.33788e-05	4.86376e-05	-41.256
2.3842e-05	-3.33788e-05	3.91009e-05	-54.462
4.19619e-05	-2.0981e-05	4.57766e-05	-26.94
3.62399e-05	-3.81472e-05	5.3406e-05	-43.998
6.19893e-05	-2.86103e-05	6.96187e-05	-23.91
2.86103e-05	-2.0981e-05	3.33788e-05	-35.274
5.72207e-05	-2.47956e-05	6.2943e-05	-22.806
2.3842e-05	-1.71663e-05	2.86103e-05	-33.69
2.28883e-05	-1.62126e-05	2.86103e-05	-35.538
5.0545e-05	-2.86104e-06	5.0545e-05	-1.506
2.3842e-05	-1.33515e-05	2.86103e-05	-28.302
2.3842e-05	-2.9564e-05	3.62399e-05	-50.196
2.19346e-05	-2.28883e-05	3.05178e-05	-45.828
2.00273e-05	-2.9564e-05	3.43325e-05	-55.668
3.62399e-05	-2.76567e-05	4.57766e-05	-35.724
4.57766e-05	-2.6703e-05	5.24523e-05	-31.086
3.81472e-05	-2.00273e-05	4.19619e-05	-27.756
2.86103e-05	-3.24252e-05	4.19619e-05	-48.144
1.04905e-05	-2.19346e-05	2.3842e-05	-63.438
2.00273e-05	-2.3842e-05	3.05178e-05	-51.144
3.24252e-05	-2.3842e-05	4.10082e-05	-33.18
2.6703e-05	-2.86104e-06	2.6703e-05	-5.574
1.43052e-05	-2.0981e-05	2.3842e-05	-60.066
1.71663e-05	-2.28883e-05	2.86103e-05	-45.936
3.62399e-05	1.71663e-05	3.91009e-05	26.562
3.05178e-05	-1.81199e-05	3.52862e-05	-30.414
1.23978e-05	-1.62126e-05	2.00273e-05	-48.816
7.62945e-06	-2.9564e-05	2.9564e-05	-74.406
1.71663e-05	-2.47956e-05	3.05178e-05	-51.144
-4.00546e-05	-0.000108719	0.00011921	-112.38
-0.000179292	-0.000207902	0.00027466	-131.184
-0.000181199	-0.000216485	0.000280382	-129.996
-0.000170709	-0.000201226	0.000261309	-130.14
-0.000169755	-0.000167848	0.00023842	-135.564
-0.000146867	-0.00019455	0.000243188	-126.9
-0.000113488	-0.000169755	0.000199319	-122.934
-1.33515e-05	-3.05178e-05	3.05178e-05	-110.094
4.00546e-05	3.81473e-06	4.10082e-05	3.63
2.76567e-05	-2.6703e-05	3.81472e-05	-45.708
1.71663e-05	-4.19619e-05	4.38693e-05	-66.57
2.0981e-05	-2.28883e-05	2.9564e-05	-47.724
1.04905e-05	-8.58313e-06	1.33515e-05	-27.756
4.38693e-05	-2.00273e-05	4.67303e-05	-24.042
8.58313e-06	-3.52862e-05	3.52862e-05	-77.244
3.91009e-05	-2.19346e-05	4.57766e-05	-28.026
2.6703e-05	-1.33515e-05	2.86103e-05	-23.55
2.00273e-05	-1.71663e-05	2.76567e-05	-39.288
3.05178e-05	-2.86103e-05	4.19619e-05	-43.11
2.9564e-05	-3.62399e-05	4.57766e-05	-48.576
4.7684e-06	-3.62399e-05	3.43325e-05	-82.182
2.00273e-05	-2.28883e-05	2.86103e-05	-49.686
1.04905e-05	-3.62399e-05	3.62399e-05	-72.216
2.19346e-05	-2.9564e-05	3.71935e-05	-52.122
2.00273e-05	-2.28883e-05	2.76567e-05	-46.908
-6.67575e-06	-1.81199e-05	1.90736e-05	-103.572
-1.33515e-05	-2.57493e-05	2.76567e-05	-117.18
2.86103e-05	-2.47956e-05	3.71935e-05	-39.426
2.57493e-05	-2.76567e-05	3.81472e-05	-45.0
3.91009e-05	-3.91009e-05	5.53133e-05	-42.552
2.3842e-05	-1.43052e-05	2.86103e-05	-25.974
3.05178e-05	2.86104e-06	2.9564e-05	5.196
4.38693e-05	1.90736e-06	4.38693e-05	1.71
2.9564e-05	-2.28883e-05	3.71935e-05	-37.074
-2.86104e-06	-9.5368e-06	8.58313e-06	-109.656
-9.53682e-07	-3.71935e-05	3.62399e-05	-87.918
2.0981e-05	-2.28883e-05	2.9564e-05	-46.788
2.3842e-05	-2.86104e-06	2.3842e-05	-6.168
3.24252e-05	2.86104e-06	3.24252e-05	5.712
3.24252e-05	-1.33515e-05	3.52862e-05	-24.18
1.90736e-05	-3.33788e-05	3.71935e-05	-62.1
2.00273e-05	-2.0981e-05	3.05178e-05	-45.0
3.05178e-05	-3.71935e-05	4.76839e-05	-48.888
4.19619e-05	-2.00273e-05	4.67303e-05	-26.202
2.57493e-05	-3.33788e-05	4.19619e-05	-54.564
1.90736e-05	-4.10082e-05	4.38693e-05	-64.206
1.52589e-05	-3.62399e-05	3.91009e-05	-64.746
1.43052e-05	-2.28883e-05	2.47956e-05	-61.392
1.33515e-05	-2.0981e-05	2.3842e-05	-55.884
9.5368e-06	-3.33788e-05	3.52862e-05	-77.826
-2.86104e-06	-4.7684e-06	4.7684e-06	-123.69
5.72208e-06	-9.5368e-06	9.5368e-06	-50.196
1.23978e-05	-2.00273e-05	2.47956e-05	-53.43
5.0545e-05	-3.62399e-05	6.19893e-05	-34.89
3.05178e-05	-4.19619e-05	5.14986e-05	-52.698
6.67575e-06	-4.38693e-05	4.38693e-05	-82.986
3.62399e-05	-2.76567e-05	4.57766e-05	-36.702
3.81472e-05	-4.48229e-05	5.72207e-05	-48.312
4.48229e-05	-4.86376e-05	6.5804e-05	-46.218
6.5804e-05	-4.48229e-05	7.91554e-05	-33.024
5.24523e-05	-4.00546e-05	6.5804e-05	-36.87
4.00546e-05	-3.91009e-05	5.6267e-05	-42.138
4.57766e-05	-5.24523e-05	6.77113e-05	-49.338
3.52862e-05	-7.34334e-05	8.10628e-05	-64.476
3.71935e-05	-4.48229e-05	5.72207e-05	-50.196
4.86376e-05	-4.86376e-05	6.77113e-05	-45.396
5.53133e-05	-4.76839e-05	7.34334e-05	-39.474
5.72207e-05	-2.9564e-05	6.2943e-05	-24.942
3.05178e-05	-4.7684e-06	3.05178e-05	-8.472
1.43052e-05	-1.62126e-05	2.19346e-05	-52.434
-9.5368e-06	-2.00273e-05	2.19346e-05	-109.536
1.33515e-05	0.0	1.52589e-05	4.968
1.62126e-05	-2.57493e-05	3.05178e-05	-55.98
1.52589e-05	-1.90736e-05	2.3842e-05	-48.366
1.04905e-05	-2.86104e-06	1.04905e-05	-14.034
3.05178e-05	-2.9564e-05	4.38693e-05	-42.564
0.0	-1.71663e-05	1.62126e-05	-83.16
5.72208e-06	-9.53682e-07	3.81473e-06	9.462
3.05178e-05	1.23978e-05	3.43325e-05	18.78
2.0981e-05	7.62945e-06	2.19346e-05	25.824
1.04905e-05	1.14442e-05	1.71663e-05	38.994
2.19346e-05	-1.90736e-05	2.86103e-05	-39.474
3.91009e-05	-1.33515e-05	4.00546e-05	-19.026
1.52589e-05	5.72208e-06	1.62126e-05	26.562
1.23978e-05	-7.62945e-06	1.23978e-05	-32.904
1.71663e-05	-1.14442e-05	2.19346e-05	-30.378
1.90736e-05	-2.19346e-05	2.86103e-05	-48.816
4.38693e-05	-2.86104e-06	4.48229e-05	-3.366
2.9564e-05	-2.76567e-05	4.10082e-05	-43.698
5.72208e-06	-4.00546e-05	4.00546e-05	-79.608
1.90736e-05	-4.29156e-05	4.57766e-05	-65.28
1.90736e-05	-2.28883e-05	2.86103e-05	-46.848
1.23978e-05	-1.14442e-05	1.71663e-05	-40.362
2.6703e-05	6.67575e-06	2.6703e-05	15.75
2.6703e-05	3.81473e-06	2.57493e-05	8.97
4.57766e-05	-1.33515e-05	4.86376e-05	-16.476
2.86103e-05	-2.9564e-05	3.91009e-05	-47.07
2.3842e-05	9.53682e-07	2.57493e-05	4.398
3.24252e-05	-2.0981e-05	3.81472e-05	-32.322
-6.67575e-06	-3.24252e-05	3.14715e-05	-99.66
-2.86104e-06	-3.81473e-06	1.90736e-06	-90.0
2.3842e-05	-2.86104e-06	2.3842e-05	-4.512
2.9564e-05	1.90736e-06	2.86103e-05	6.63
2.3842e-05	1.23978e-05	2.6703e-05	27.216
2.9564e-05	-2.28883e-05	3.62399e-05	-33.69
3.52862e-05	8.58313e-06	3.62399e-05	13.782
3.91009e-05	1.71663e-05	4.19619e-05	22.134
2.86104e-06	-1.90736e-06	4.7684e-06	-23.202
1.33515e-05	-2.19346e-05	2.47956e-05	-60.066
8.58313e-06	-3.81473e-06	1.04905e-05	-17.352
2.57493e-05	-9.5368e-06	2.6703e-05	-21.036
5.72208e-06	-1.14442e-05	1.23978e-05	-53.748
1.33515e-05	-4.57766e-05	4.67303e-05	-72.84
-2.86104e-06	-2.00273e-05	1.90736e-05	-91.974
-9.53682e-07	9.53682e-07	0.0	180.0
1.23978e-05	-2.0981e-05	2.3842e-05	-58.494
2.9564e-05	1.04905e-05	3.14715e-05	20.694
3.14715e-05	-9.5368e-06	3.24252e-05	-15.156
2.57493e-05	-7.62945e-06	2.6703e-05	-17.526
4.67303e-05	-1.62126e-05	4.95913e-05	-17.952
2.28883e-05	-2.47956e-05	3.24252e-05	-49.026
1.90736e-05	-2.19346e-05	2.86103e-05	-43.092
1.04905e-05	5.72208e-06	1.23978e-05	26.562
9.5368e-06	2.86104e-06	1.14442e-05	19.44
2.76567e-05	-1.81199e-05	3.24252e-05	-33.366
2.76567e-05	-9.5368e-06	2.86103e-05	-14.676
3.14715e-05	0.0	3.05178e-05	1.218
1.52589e-05	-4.7684e-06	1.52589e-05	-16.926
2.0981e-05	-1.52589e-05	2.57493e-05	-34.878
2.76567e-05	-2.00273e-05	3.43325e-05	-33.996
1.52589e-05	4.7684e-06	1.52589e-05	19.98
-1.04905e-05	-4.38693e-05	4.38693e-05	-104.442
1.71663e-05	-1.23978e-05	2.19346e-05	-30.378
2.00273e-05	-1.33515e-05	2.3842e-05	-32.826
2.3842e-05	-2.00273e-05	3.14715e-05	-39.21
3.52862e-05	-5.72208e-06	3.52862e-05	-7.524
2.28883e-05	-1.71663e-05	2.76567e-05	-38.232
2.57493e-05	-2.86104e-06	2.3842e-05	-4.638
0.0	-2.28883e-05	2.0981e-05	-84.474
2.6703e-05	5.72208e-06	2.76567e-05	13.392
3.81473e-06	-1.90736e-05	1.81199e-05	-75.468
8.58313e-06	6.67575e-06	1.14442e-05	36.252
2.3842e-05	-2.76567e-05	3.81472e-05	-45.0
4.00546e-05	-2.00273e-05	4.57766e-05	-25.116
5.72207e-05	-3.62399e-05	6.5804e-05	-32.25
3.33788e-05	-1.23978e-05	3.52862e-05	-17.418
1.90736e-06	1.62126e-05	1.62126e-05	85.428
2.47956e-05	0.0	2.3842e-05	-4.764
6.67575e-06	-3.24252e-05	3.24252e-05	-75.678
2.19346e-05	-1.14442e-05	2.3842e-05	-24.444
1.81199e-05	1.23978e-05	2.28883e-05	35.91
3.52862e-05	1.81199e-05	3.91009e-05	26.13
9.5368e-06	-8.58313e-06	1.33515e-05	-37.404
2.19346e-05	-3.62399e-05	4.10082e-05	-57.6
2.0981e-05	-2.47956e-05	3.14715e-05	-46.686
1.23978e-05	-1.81199e-05	2.19346e-05	-54.864
2.28883e-05	-2.0981e-05	3.05178e-05	-41.532
7.62945e-06	-2.28883e-05	2.3842e-05	-71.076
2.86103e-05	-2.9564e-05	4.00546e-05	-45.0
1.23978e-05	-3.05178e-05	3.24252e-05	-66.642
1.90736e-05	-9.5368e-06	2.19346e-05	-22.752
1.62126e-05	-2.86104e-06	1.62126e-05	-9.462
4.76839e-05	-2.6703e-05	5.3406e-05	-30.36
1.62126e-05	-2.76567e-05	3.05178e-05	-61.296
8.58313e-06	-2.0981e-05	2.19346e-05	-60.462
5.53133e-05	-2.00273e-05	5.9128e-05	-18.234
8.58313e-06	-2.00273e-05	2.00273e-05	-70.464
1.62126e-05	-2.47956e-05	2.9564e-05	-53.13
9.5368e-06	-2.3842e-05	2.3842e-05	-69.078
-2.0981e-05	-1.43052e-05	2.3842e-05	-145.884
-6.67575e-06	-2.28883e-05	2.3842e-05	-110.376
2.86104e-06	-1.81199e-05	1.71663e-05	-77.004
1.23978e-05	-1.23978e-05	1.71663e-05	-38.658
2.0981e-05	2.86104e-06	2.19346e-05	8.616
3.52862e-05	-2.00273e-05	4.00546e-05	-30.324
0.0	-1.62126e-05	1.52589e-05	-87.51
9.5368e-06	-2.6703e-05	2.86103e-05	-68.196
2.86104e-06	-3.05178e-05	3.05178e-05	-77.472
3.33788e-05	-1.71663e-05	3.71935e-05	-23.862
9.5368e-06	-2.0981e-05	2.19346e-05	-70.464
6.67575e-06	1.81199e-05	1.90736e-05	69.228
6.67575e-06	-3.05178e-05	3.05178e-05	-76.554
1.71663e-05	-2.47956e-05	3.14715e-05	-50.04
2.86104e-06	-2.47956e-05	2.47956e-05	-81.252
8.58313e-06	-3.24252e-05	3.24252e-05	-72.648
2.9564e-05	-2.9564e-05	4.10082e-05	-42.336
3.05178e-05	-1.33515e-05	3.33788e-05	-24.078
2.86103e-05	-1.52589e-05	3.33788e-05	-24.078
1.90736e-05	-1.14442e-05	2.00273e-05	-36.87
1.33515e-05	-2.28883e-05	2.57493e-05	-53.976
1.52589e-05	-3.05178e-05	3.24252e-05	-65.46
1.62126e-05	-1.62126e-05	2.0981e-05	-42.396
6.67575e-06	0.0	7.62945e-06	4.764
2.86104e-06	-2.28883e-05	2.28883e-05	-82.302
1.90736e-05	-2.28883e-05	2.9564e-05	-45.0
2.6703e-05	0.0	2.6703e-05	1.398
3.33788e-05	-1.04905e-05	3.52862e-05	-18.432
2.3842e-05	-1.04905e-05	2.47956e-05	-24.57
2.3842e-05	-9.5368e-06	2.57493e-05	-18.432
2.00273e-05	-1.71663e-05	2.47956e-05	-40.602
5.72208e-06	-1.62126e-05	1.71663e-05	-74.934
-2.19346e-05	-2.0981e-05	2.9564e-05	-136.788
1.33515e-05	-3.81473e-06	1.52589e-05	-9.864
2.57493e-05	-9.53682e-07	2.57493e-05	-1.506
2.19346e-05	-9.5368e-06	2.28883e-05	-25.824
8.58313e-06	-1.43052e-05	1.52589e-05	-56.976
3.05178e-05	-2.86104e-06	3.24252e-05	-4.668
3.71935e-05	-2.3842e-05	4.38693e-05	-31.266
1.04905e-05	-1.52589e-05	1.81199e-05	-47.862
8.58313e-06	-3.81473e-06	1.04905e-05	-18.432
2.19346e-05	-2.3842e-05	3.24252e-05	-45.0
7.62945e-06	-4.7684e-06	8.58313e-06	-32.472
-2.86104e-06	-2.00273e-05	1.90736e-05	-93.816
1.33515e-05	-4.7684e-06	1.43052e-05	-15.948
3.81473e-06	-7.62945e-06	8.58313e-06	-50.712
1.52589e-05	-2.0981e-05	2.57493e-05	-51.114
1.33515e-05	-3.71935e-05	3.91009e-05	-70.344
1.90736e-05	-3.62399e-05	4.00546e-05	-61.314
2.28883e-05	-2.00273e-05	3.14715e-05	-38.088
2.00273e-05	-1.52589e-05	2.47956e-05	-36.57
2.19346e-05	-1.62126e-05	2.57493e-05	-35.364
1.33515e-05	6.67575e-06	1.52589e-05	31.758
9.53682e-07	-1.71663e-05	1.62126e-05	-85.428
1.90736e-06	-1.81199e-05	1.71663e-05	-87.708
2.86103e-05	-1.62126e-05	3.33788e-05	-29.604
1.04905e-05	-6.67575e-06	1.23978e-05	-27.9
3.91009e-05	-2.28883e-05	4.57766e-05	-28.026
2.86103e-05	-9.5368e-06	2.86103e-05	-19.656
2.86103e-05	-2.3842e-05	3.62399e-05	-39.144
2.6703e-05	-1.43052e-05	3.05178e-05	-27.696
1.33515e-05	-1.81199e-05	2.19346e-05	-55.842
1.23978e-05	-6.67575e-06	1.33515e-05	-30.066
3.52862e-05	-3.43325e-05	4.86376e-05	-43.392
2.3842e-05	-1.14442e-05	2.57493e-05	-25.278
1.71663e-05	1.52589e-05	2.28883e-05	40.236
4.19619e-05	-9.53682e-07	4.19619e-05	-0.894
1.04905e-05	-4.7684e-06	1.04905e-05	-17.352
2.47956e-05	0.0	2.57493e-05	-1.434
8.58313e-06	-4.7684e-06	8.58313e-06	-24.444
8.58313e-06	-8.58313e-06	1.14442e-05	-40.236
1.33515e-05	-2.19346e-05	2.3842e-05	-61.26
1.90736e-05	-4.7684e-06	1.90736e-05	-14.532
1.81199e-05	-2.28883e-05	2.9564e-05	-48.468
2.57493e-05	-1.14442e-05	2.86103e-05	-21.318
1.90736e-05	-2.00273e-05	2.76567e-05	-48.942
1.62126e-05	-1.90736e-05	2.57493e-05	-47.046