Time (s) 	 Position (mm) 	 Delay (s) 	 X 	 Y 	 R 	 theta 
#Without Preamplifier,Fluence with Filter (None), ZnTe detector angle 40deg, Chopper 230Hz, time constant=0.3s 18dB, waiting time= 2.7s, sensitivity=20mV
3.5079	6.927	4.621209509999999e-11	3.14715e-05	-6.67575e-06	3.24252e-05	-9.09
6.8325	6.937	4.62788081e-11	2.47956e-05	3.81473e-06	2.6703e-05	9.69
10.1449	6.947	4.6345521099999996e-11	4.00546e-05	-2.28883e-05	4.76839e-05	-26.562
13.4552	6.957	4.64122341e-11	4.57766e-05	-2.0981e-05	5.0545e-05	-24.882
16.7335	6.967	4.6478947099999994e-11	2.00273e-05	-9.53682e-07	2.00273e-05	0.0
20.0266	6.977	4.65456601e-11	1.81199e-05	-2.0981e-05	2.86103e-05	-49.686
23.322	6.987	4.66123731e-11	4.76839e-05	-4.19619e-05	6.2943e-05	-40.734
26.5992	6.997	4.66790861e-11	4.48229e-05	-4.7684e-06	4.38693e-05	-6.054
29.8779	7.007	4.6745799099999995e-11	4.67303e-05	-1.62126e-05	4.86376e-05	-18.432
33.1731	7.017	4.68125121e-11	1.90736e-05	-1.04905e-05	2.28883e-05	-24.444
36.4666	7.027	4.68792251e-11	5.72208e-06	-9.5368e-06	1.04905e-05	-47.49
39.7291	7.037	4.6945938099999995e-11	-7.62945e-06	-2.86104e-06	6.67575e-06	180.0
43.0079	7.047	4.7012651099999997e-11	2.0981e-05	-1.23978e-05	2.3842e-05	-30.696
46.2862	7.057	4.70793641e-11	1.52589e-05	-3.71935e-05	3.91009e-05	-66.426
49.5811	7.067	4.71460771e-11	2.6703e-05	-1.33515e-05	3.05178e-05	-27.12
52.8592	7.077	4.7212790099999996e-11	3.05178e-05	-4.48229e-05	5.53133e-05	-55.35
56.1376	7.087	4.72795031e-11	2.57493e-05	-2.86104e-06	2.57493e-05	-5.856
59.416	7.097	4.73462161e-11	8.58313e-06	-2.28883e-05	2.57493e-05	-60.252
62.7092	7.107	4.74129291e-11	3.52862e-05	-1.04905e-05	3.62399e-05	-16.092
66.0053	7.117	4.74796421e-11	2.9564e-05	-6.67575e-06	2.86103e-05	-11.82
69.2991	7.127	4.754635509999999e-11	3.81473e-06	-2.76567e-05	2.76567e-05	-77.322
72.5941	7.137	4.7613068099999995e-11	1.14442e-05	1.04905e-05	1.52589e-05	46.638
75.8875	7.147	4.76797811e-11	2.00273e-05	-2.86104e-06	2.00273e-05	-5.526
79.1668	7.157	4.77464941e-11	-2.86104e-06	-2.00273e-05	1.90736e-05	-95.904
82.4605	7.167	4.7813207099999994e-11	3.24252e-05	-9.5368e-06	3.33788e-05	-16.26
85.7546	7.177	4.7879920099999996e-11	1.81199e-05	-1.81199e-05	2.57493e-05	-43.92
89.049	7.187	4.79466331e-11	1.90736e-05	-1.43052e-05	2.3842e-05	-35.91
92.3279	7.197	4.80133461e-11	2.3842e-05	-3.81472e-05	4.48229e-05	-56.31
95.6224	7.207	4.8080059099999996e-11	4.00546e-05	-3.14715e-05	5.14986e-05	-37.164
98.8998	7.217	4.81467721e-11	2.00273e-05	-4.7684e-06	2.0981e-05	-9.462
102.1792	7.227	4.82134851e-11	1.71663e-05	0.0	1.71663e-05	4.236
105.4744	7.237	4.8280198099999995e-11	1.71663e-05	-2.57493e-05	3.14715e-05	-52.65
108.7679	7.247	4.83469111e-11	2.47956e-05	5.72208e-06	2.3842e-05	11.31
112.0471	7.257	4.841362409999999e-11	3.52862e-05	-2.9564e-05	4.48229e-05	-39.702
115.3408	7.267	4.84803371e-11	5.72208e-06	-9.53682e-07	6.67575e-06	-10.308
118.6191	7.277	4.8547050099999996e-11	3.81473e-06	2.19346e-05	2.19346e-05	74.748
121.8979	7.287	4.86137631e-11	2.19346e-05	-1.62126e-05	2.76567e-05	-33.312
125.4157	7.297	4.8680476099999994e-11	2.47956e-05	-9.5368e-06	2.6703e-05	-19.746
128.7102	7.307	4.87471891e-11	1.14442e-05	-2.3842e-05	2.57493e-05	-60.252
131.9892	7.317	4.88139021e-11	1.04905e-05	-1.14442e-05	1.52589e-05	-48.576
135.2671	7.327	4.88806151e-11	4.48229e-05	-1.81199e-05	4.95913e-05	-20.112
138.5617	7.337	4.8947328099999995e-11	5.72208e-06	1.52589e-05	1.52589e-05	70.824
141.8567	7.347	4.90140411e-11	1.04905e-05	1.04905e-05	1.52589e-05	46.638
145.1338	7.357	4.90807541e-11	-5.72208e-06	8.58313e-06	1.14442e-05	124.506
148.4134	7.367	4.9147467099999995e-11	1.04905e-05	-4.7684e-06	1.04905e-05	-30.966
151.6915	7.377	4.9214180099999997e-11	2.76567e-05	-9.53682e-07	2.6703e-05	1.398
154.9691	7.387	4.928089309999999e-11	0.0	-1.33515e-05	1.23978e-05	-83.988
158.2646	7.397	4.93476061e-11	5.72208e-06	-2.86104e-06	5.72208e-06	-16.698
161.542	7.407	4.9414319099999996e-11	3.81473e-06	-4.00546e-05	3.91009e-05	-83.232
164.8212	7.417	4.94810321e-11	1.90736e-05	-2.0981e-05	2.76567e-05	-46.908
168.0991	7.427	4.9547745099999994e-11	3.71935e-05	-2.9564e-05	4.76839e-05	-36.552
171.3943	7.437	4.96144581e-11	7.62945e-06	0.0	7.62945e-06	0.0
174.7045	7.447	4.96811711e-11	1.62126e-05	-1.71663e-05	2.28883e-05	-42.612
177.998	7.457	4.97478841e-11	2.86103e-05	-3.81473e-06	2.86103e-05	-6.63
181.2774	7.467	4.9814597099999995e-11	2.3842e-05	-5.72208e-06	2.47956e-05	-10.44
184.5558	7.477	4.98813101e-11	1.90736e-06	-1.14442e-05	1.04905e-05	-75.966
187.8492	7.487	4.99480231e-11	-1.43052e-05	-1.90736e-05	2.19346e-05	-127.236
191.1278	7.497	5.0014736099999994e-11	3.91009e-05	-1.43052e-05	4.19619e-05	-19.29
194.4225	7.507	5.0081449099999996e-11	1.52589e-05	-2.3842e-05	2.76567e-05	-55.56
197.7006	7.517	5.01481621e-11	2.86104e-06	-4.00546e-05	3.71935e-05	-82.998
200.9786	7.527	5.02148751e-11	3.05178e-05	-2.6703e-05	4.10082e-05	-38.514
204.2423	7.537	5.0281588099999996e-11	1.52589e-05	-9.53682e-07	1.43052e-05	-8.13
207.5207	7.547	5.03483011e-11	2.28883e-05	-3.14715e-05	3.91009e-05	-54.462
210.798	7.557	5.04150141e-11	3.52862e-05	-3.05178e-05	4.76839e-05	-40.008
214.0777	7.567	5.04817271e-11	6.67575e-06	-2.47956e-05	2.47956e-05	-68.196
217.356	7.577	5.05484401e-11	4.38693e-05	-2.00273e-05	4.76839e-05	-25.842
220.6496	7.587	5.061515309999999e-11	8.58313e-06	-7.62945e-06	1.04905e-05	-40.236
223.9279	7.597	5.06818661e-11	2.6703e-05	-6.67575e-06	2.76567e-05	-9.69
227.2073	7.607	5.0748579099999996e-11	3.24252e-05	-1.81199e-05	3.71935e-05	-29.748
230.4857	7.617	5.08152921e-11	4.38693e-05	-2.86103e-05	5.24523e-05	-31.464
233.7791	7.627	5.0882005099999994e-11	3.71935e-05	-2.00273e-05	4.10082e-05	-30.324
237.0745	7.637	5.0948718099999996e-11	3.71935e-05	-4.29156e-05	5.53133e-05	-48.942
240.3686	7.647	5.10154311e-11	1.90736e-05	-3.81472e-05	4.19619e-05	-61.392
243.6473	7.657	5.10821441e-11	1.90736e-05	0.0	1.90736e-05	0.0
246.9417	7.667	5.1148857099999995e-11	5.53133e-05	-8.58313e-06	5.6267e-05	-6.792
250.2192	7.677	5.12155701e-11	7.62945e-06	-5.24523e-05	5.24523e-05	-80.292
253.5144	7.687	5.12822831e-11	-1.90736e-06	1.90736e-05	1.90736e-05	82.65
256.825	7.697	5.1348996099999995e-11	3.91009e-05	-2.9564e-05	4.86376e-05	-36.252
260.1354	7.707	5.1415709099999997e-11	2.9564e-05	0.0	2.9564e-05	-1.272
263.4292	7.717	5.148242209999999e-11	3.24252e-05	-1.33515e-05	3.62399e-05	-22.38
266.7079	7.727	5.15491351e-11	3.24252e-05	-3.33788e-05	4.38693e-05	-45.0
269.9707	7.737	5.1615848099999996e-11	2.19346e-05	-4.00546e-05	4.38693e-05	-59.934
273.2478	7.747	5.16825611e-11	3.14715e-05	-3.05178e-05	4.38693e-05	-44.382
276.5273	7.757	5.1749274099999994e-11	3.52862e-05	-2.28883e-05	4.10082e-05	-31.122
279.8218	7.767	5.18159871e-11	2.00273e-05	-1.43052e-05	2.47956e-05	-35.364
283.115	7.777	5.18827001e-11	2.19346e-05	-3.71935e-05	4.19619e-05	-58.278
286.393	7.787	5.19494131e-11	1.04905e-05	6.67575e-06	1.23978e-05	34.506
289.6879	7.797	5.2016126099999995e-11	2.6703e-05	1.33515e-05	2.9564e-05	27.15
292.9673	7.807	5.20828391e-11	1.71663e-05	-6.67575e-06	1.71663e-05	-15.642
296.2445	7.817	5.21495521e-11	3.52862e-05	-2.47956e-05	4.29156e-05	-34.416
299.5241	7.827	5.2216265099999994e-11	2.86104e-06	5.72208e-06	5.72208e-06	63.438
302.8023	7.837	5.2282978099999996e-11	4.19619e-05	-7.62945e-06	4.38693e-05	-7.764
306.0809	7.847	5.23496911e-11	2.6703e-05	-9.5368e-06	2.86103e-05	-14.676
309.3591	7.857	5.24164041e-11	2.57493e-05	-1.62126e-05	2.9564e-05	-27.696
312.6537	7.867	5.2483117099999996e-11	5.72207e-05	1.33515e-05	5.6267e-05	14.532
315.932	7.877	5.25498301e-11	1.90736e-05	-2.28883e-05	2.86103e-05	-48.69
319.2265	7.887	5.261654309999999e-11	1.90736e-05	-2.57493e-05	3.24252e-05	-53.364
322.504	7.897	5.26832561e-11	2.28883e-05	-2.47956e-05	3.33788e-05	-46.59
325.7981	7.907	5.27499691e-11	2.86104e-06	-1.81199e-05	1.90736e-05	-82.404
329.0936	7.917	5.28166821e-11	9.5368e-06	-1.04905e-05	1.33515e-05	-46.848
332.3879	7.927	5.2883395099999995e-11	3.71935e-05	-1.33515e-05	4.00546e-05	-17.85
335.6661	7.937	5.2950108099999997e-11	4.19619e-05	-9.53682e-07	4.10082e-05	0.0
338.9448	7.947	5.30168211e-11	1.43052e-05	-1.81199e-05	2.28883e-05	-49.572
342.2385	7.957	5.3083534099999994e-11	2.3842e-05	-2.00273e-05	3.14715e-05	-36.636
345.5176	7.967	5.3150247099999996e-11	1.43052e-05	-5.72208e-06	1.52589e-05	-16.26
348.7958	7.977	5.32169601e-11	1.71663e-05	-1.62126e-05	2.3842e-05	-39.612
352.0892	7.987	5.32836731e-11	4.48229e-05	-1.33515e-05	4.57766e-05	-17.4
355.3525	7.997	5.3350386099999995e-11	8.58313e-06	-4.00546e-05	3.91009e-05	-76.428
358.631	8.007	5.34170991e-11	6.67575e-06	-3.62399e-05	3.62399e-05	-80.538
361.908	8.017	5.348381209999999e-11	1.71663e-05	-1.33515e-05	2.00273e-05	-39.558
365.1873	8.027	5.3550525099999995e-11	-1.90736e-06	-1.62126e-05	1.62126e-05	-92.292
368.4662	8.037	5.36172381e-11	9.5368e-06	3.81473e-06	1.04905e-05	18.432
371.7446	8.047	5.36839511e-11	1.43052e-05	-9.5368e-06	1.71663e-05	-25.644
375.0231	8.057	5.37506641e-11	1.71663e-05	-4.29156e-05	4.57766e-05	-65.622
378.301	8.067	5.3817377099999996e-11	2.86103e-05	-3.14715e-05	4.19619e-05	-48.216
381.5788	8.077	5.38840901e-11	1.90736e-06	9.53682e-07	2.86104e-06	11.31
384.8571	8.087	5.3950803099999994e-11	2.3842e-05	-2.19346e-05	3.05178e-05	-43.314
388.1366	8.097	5.4017516099999996e-11	2.86103e-05	-2.86104e-06	2.86103e-05	-5.316
391.4309	8.107	5.408422909999999e-11	8.58313e-06	-2.76567e-05	2.86103e-05	-69.906
394.7254	8.117	5.4150942100000006e-11	2.9564e-05	-2.28883e-05	3.71935e-05	-37.878
398.036	8.127	5.42176551e-11	1.71663e-05	-2.47956e-05	3.05178e-05	-53.616
401.3144	8.137	5.4284368100000003e-11	1.23978e-05	-1.90736e-05	2.19346e-05	-60.462
404.5925	8.147	5.43510811e-11	2.57493e-05	-4.7684e-06	2.6703e-05	-4.086
407.8698	8.157	5.4417794099999994e-11	2.9564e-05	-1.62126e-05	3.33788e-05	-27.594
411.149	8.167	5.4484507099999996e-11	2.6703e-05	-4.7684e-06	2.76567e-05	-11.04
414.4276	8.177	5.455122009999999e-11	4.38693e-05	-2.86104e-06	4.38693e-05	-2.604
417.7061	8.187	5.4617933099999994e-11	2.76567e-05	-1.71663e-05	3.24252e-05	-31.758
420.9845	8.197	5.468464609999999e-11	1.71663e-05	-2.00273e-05	2.57493e-05	-47.046
424.2779	8.207	5.4751359100000004e-11	4.38693e-05	1.04905e-05	4.38693e-05	11.484
427.5733	8.217	5.48180721e-11	2.76567e-05	-2.86104e-06	2.86103e-05	-1.272
430.8677	8.227	5.48847851e-11	2.57493e-05	-3.24252e-05	4.10082e-05	-50.904
434.146	8.237	5.49514981e-11	2.76567e-05	-2.86104e-06	2.76567e-05	-6.954
437.4245	8.247	5.50182111e-11	4.29156e-05	-3.81473e-06	4.29156e-05	-3.522
440.7015	8.257	5.5084924099999995e-11	1.62126e-05	-3.81472e-05	4.00546e-05	-65.94
443.981	8.267	5.5151637099999997e-11	1.23978e-05	-1.90736e-05	2.0981e-05	-57.804
447.2593	8.277	5.521835009999999e-11	1.71663e-05	-2.6703e-05	3.05178e-05	-57.342
450.5373	8.287	5.52850631e-11	4.38693e-05	5.72208e-06	4.38693e-05	7.764
453.7992	8.297	5.53517761e-11	1.71663e-05	-1.23978e-05	2.0981e-05	-34.698
457.0949	8.307	5.54184891e-11	2.3842e-05	-2.47956e-05	3.43325e-05	-41.184
460.4053	8.317	5.54852021e-11	2.3842e-05	-1.04905e-05	2.3842e-05	-18.924
463.7154	8.327	5.5551915099999995e-11	2.3842e-05	-1.90736e-06	2.47956e-05	-1.47
467.0258	8.337	5.56186281e-11	1.52589e-05	1.90736e-06	1.52589e-05	10.308
470.3042	8.347	5.568534109999999e-11	1.71663e-05	-1.04905e-05	2.0981e-05	-26.562
473.5826	8.357	5.5752054099999995e-11	7.62945e-06	-1.04905e-05	1.23978e-05	-49.086
476.8769	8.367	5.5818767100000003e-11	1.23978e-05	-1.62126e-05	1.90736e-05	-51.954
480.1714	8.377	5.58854801e-11	1.52589e-05	-9.5368e-06	1.81199e-05	-27.474
483.4658	8.387	5.59521931e-11	7.62945e-06	-2.57493e-05	2.57493e-05	-68.46
486.7442	8.397	5.6018906099999996e-11	1.23978e-05	-8.58313e-06	1.23978e-05	-36.252
490.0225	8.407	5.60856191e-11	7.62945e-06	-3.71935e-05	3.71935e-05	-74.748
493.3011	8.417	5.6152332099999994e-11	1.52589e-05	-7.62945e-06	1.71663e-05	-21.804
496.5791	8.427	5.6219045099999996e-11	3.62399e-05	-2.28883e-05	4.29156e-05	-33.93
499.8738	8.437	5.628575809999999e-11	1.23978e-05	-1.62126e-05	2.0981e-05	-49.968
503.1674	8.447	5.635247109999999e-11	2.6703e-05	-2.6703e-05	3.71935e-05	-44.256
506.4292	8.457	5.64191841e-11	-1.81199e-05	-1.90736e-05	2.47956e-05	-131.634
509.7237	8.467	5.6485897100000003e-11	3.81473e-06	-2.0981e-05	2.00273e-05	-74.58
513.0033	8.477	5.65526101e-11	2.86104e-06	-3.24252e-05	3.24252e-05	-80.34
516.2819	8.487	5.66193231e-11	8.58313e-06	-2.00273e-05	2.19346e-05	-70.464
519.5755	8.497	5.6686036099999996e-11	-4.7684e-06	-6.67575e-06	6.67575e-06	-135.0
522.8708	8.507	5.675274909999999e-11	1.23978e-05	-1.14442e-05	1.62126e-05	-40.104
526.1652	8.517	5.6819462099999994e-11	1.52589e-05	-3.62399e-05	3.81472e-05	-66.93
529.4436	8.527	5.688617509999999e-11	1.90736e-05	-2.28883e-05	2.86103e-05	-50.712
532.722	8.537	5.6952888100000004e-11	0.0	-1.14442e-05	1.04905e-05	-100.62
535.9992	8.547	5.70196011e-11	1.90736e-06	-3.14715e-05	3.05178e-05	-88.782
539.2771	8.557	5.70863141e-11	0.0	-4.10082e-05	4.10082e-05	-89.076
542.5566	8.567	5.71530271e-11	8.58313e-06	-1.43052e-05	1.62126e-05	-58.242
545.8515	8.577	5.72197401e-11	1.52589e-05	-3.24252e-05	3.71935e-05	-60.252
549.146	8.587	5.7286453099999995e-11	2.6703e-05	-1.43052e-05	2.86103e-05	-28.302
552.4394	8.597	5.7353166099999997e-11	-8.58313e-06	-1.04905e-05	1.23978e-05	-128.658
555.7172	8.607	5.741987909999999e-11	1.23978e-05	-2.9564e-05	3.05178e-05	-67.284
558.9971	8.617	5.74865921e-11	1.14442e-05	-3.33788e-05	3.52862e-05	-68.196
562.2747	8.627	5.75533051e-11	-1.52589e-05	-2.28883e-05	2.57493e-05	-124.08
565.5365	8.637	5.76200181e-11	0.0	-3.33788e-05	3.24252e-05	-88.83
568.8321	8.647	5.76867311e-11	-3.81473e-06	-1.04905e-05	1.04905e-05	-109.656
572.1267	8.657	5.7753444099999995e-11	6.67575e-06	-2.6703e-05	2.6703e-05	-74.25
575.4202	8.667	5.78201571e-11	1.90736e-06	-6.5804e-05	6.38966e-05	-89.406
578.7155	8.677	5.788687009999999e-11	-2.86104e-06	-3.14715e-05	2.9564e-05	-98.838
581.9938	8.687	5.7953583099999995e-11	-9.53682e-07	-3.71935e-05	3.62399e-05	-93.12
585.2874	8.697	5.802029609999999e-11	9.5368e-06	-4.29156e-05	4.38693e-05	-76.812
588.5666	8.707	5.80870091e-11	0.0	-4.29156e-05	4.19619e-05	-90.894
591.8605	8.717	5.81537221e-11	-2.19346e-05	-1.14442e-05	2.3842e-05	-150.066
595.1391	8.727	5.82204351e-11	-4.7684e-06	-2.9564e-05	2.86103e-05	-96.63
598.4338	8.737	5.828714809999999e-11	-6.67575e-06	-3.14715e-05	3.14715e-05	-99.864
601.7274	8.747	5.83538611e-11	1.90736e-06	-2.28883e-05	2.28883e-05	-85.098
605.0065	8.757	5.84205741e-11	0.0	-3.62399e-05	3.52862e-05	-91.08
608.3168	8.767	5.84872871e-11	6.67575e-06	-4.00546e-05	4.10082e-05	-78.156
611.6272	8.777	5.855400009999999e-11	1.33515e-05	-1.71663e-05	2.19346e-05	-51.072
614.9375	8.787	5.86207131e-11	-8.58313e-06	-3.43325e-05	3.43325e-05	-102.654
618.248	8.797	5.86874261e-11	-2.9564e-05	-3.91009e-05	4.76839e-05	-125.256
621.5265	8.807	5.87541391e-11	2.86104e-06	-4.29156e-05	4.10082e-05	-85.236
624.8032	8.817	5.88208521e-11	2.86104e-06	-5.0545e-05	4.95913e-05	-87.678
628.0823	8.827	5.88875651e-11	5.72208e-06	-4.76839e-05	4.76839e-05	-82.776
631.3776	8.837	5.89542781e-11	1.23978e-05	-5.14986e-05	5.24523e-05	-74.358
634.656	8.847	5.902099109999999e-11	2.19346e-05	-3.05178e-05	3.52862e-05	-54.834
637.9335	8.857	5.908770409999999e-11	2.3842e-05	-3.62399e-05	4.19619e-05	-56.562
641.2129	8.867	5.91544171e-11	3.33788e-05	-2.6703e-05	4.19619e-05	-38.658
644.5066	8.877	5.92211301e-11	5.14986e-05	-1.43052e-05	5.3406e-05	-14.382
647.7857	8.887	5.92878431e-11	6.8665e-05	-9.53682e-07	6.8665e-05	-1.104
651.064	8.897	5.93545561e-11	0.00011158	1.71663e-05	0.000114441	9.024
654.3579	8.907	5.94212691e-11	0.000134469	3.52862e-05	0.000138284	14.238
657.6527	8.917	5.94879821e-11	0.000177384	4.19619e-05	0.000181199	14.034
660.9462	8.927	5.955469509999999e-11	0.000222207	6.19893e-05	0.000228883	15.168
664.2414	8.937	5.962140809999999e-11	0.000236512	9.53679e-05	0.00025654	21.912
667.5358	8.947	5.96881211e-11	0.000214578	0.000102044	0.000236512	26.13
670.8132	8.957	5.97548341e-11	0.000153542	4.38693e-05	0.000159265	15.948
674.0927	8.967	5.98215471e-11	0.00010109	7.24797e-05	0.000123979	36.006
677.371	8.977	5.98882601e-11	-1.52589e-05	1.62126e-05	2.19346e-05	128.928
680.648	8.987	5.99549731e-11	-2.19346e-05	-3.05178e-05	3.71935e-05	-125.88
683.9276	8.997	6.002168609999999e-11	-1.33515e-05	-6.2943e-05	6.19893e-05	-98.562
687.222	9.007	6.008839909999999e-11	-2.19346e-05	-3.43325e-05	4.00546e-05	-122.904
690.5164	9.017	6.01551121e-11	5.24523e-05	-1.71663e-05	5.53133e-05	-15.852
693.7948	9.027	6.02218251e-11	4.86376e-05	-4.7684e-06	4.86376e-05	-5.478
697.0732	9.037	6.02885381e-11	5.72207e-05	1.04905e-05	5.9128e-05	12.186
700.3516	9.047	6.03552511e-11	4.19619e-05	-2.47956e-05	5.0545e-05	-29.934
703.6289	9.057	6.04219641e-11	2.86103e-05	-6.19893e-05	6.77113e-05	-63.684
706.9244	9.067	6.048867709999999e-11	2.9564e-05	-2.86103e-05	4.00546e-05	-42.336
710.4906	9.077	6.05553901e-11	4.38693e-05	-4.57766e-05	6.19893e-05	-45.432
713.7679	9.087	6.06221031e-11	4.38693e-05	-3.14715e-05	5.24523e-05	-34.878
717.0474	9.097	6.06888161e-11	2.6703e-05	-4.67303e-05	5.24523e-05	-58.914
720.3418	9.107	6.075552909999999e-11	1.14442e-05	9.53682e-07	1.04905e-05	6.708
723.6522	9.117	6.08222421e-11	9.5368e-06	-3.14715e-05	3.33788e-05	-70.866
726.9458	9.127	6.08889551e-11	1.71663e-05	-2.6703e-05	3.14715e-05	-50.964
730.2569	9.137	6.09556681e-11	6.67575e-06	-5.14986e-05	5.0545e-05	-81.144
733.5354	9.147	6.10223811e-11	2.57493e-05	-1.62126e-05	3.05178e-05	-27.12
736.8135	9.157	6.10890941e-11	2.6703e-05	-3.24252e-05	4.29156e-05	-48.012
740.0919	9.167	6.11558071e-11	1.71663e-05	-2.00273e-05	2.57493e-05	-47.046
743.3865	9.177	6.12225201e-11	2.0981e-05	-1.90736e-06	2.00273e-05	-5.526
746.6638	9.187	6.128923309999999e-11	9.5368e-06	2.86104e-06	1.04905e-05	14.934
749.9433	9.197	6.135594609999999e-11	-1.90736e-06	-4.10082e-05	3.91009e-05	-90.0
753.2216	9.207	6.14226591e-11	-1.23978e-05	-2.76567e-05	3.05178e-05	-117.096
756.4992	9.217	6.14893721e-11	1.52589e-05	-2.47956e-05	2.86103e-05	-57.726
759.7943	9.227	6.15560851e-11	-7.62945e-06	-2.0981e-05	2.0981e-05	-112.482
763.0728	9.237	6.16227981e-11	3.05178e-05	-2.28883e-05	3.71935e-05	-37.878
766.367	9.247	6.16895111e-11	2.57493e-05	-2.6703e-05	3.71935e-05	-42.882
769.6454	9.257	6.175622409999999e-11	3.33788e-05	-2.6703e-05	4.19619e-05	-36.69
772.9078	9.267	6.182293709999999e-11	1.04905e-05	-3.62399e-05	3.71935e-05	-69.57
776.1863	9.277	6.18896501e-11	1.14442e-05	-1.33515e-05	1.71663e-05	-41.988
779.4646	9.287	6.19563631e-11	1.04905e-05	-2.76567e-05	2.9564e-05	-61.698
782.7431	9.297	6.20230761e-11	9.5368e-06	-2.57493e-05	2.76567e-05	-67.692
786.0211	9.307	6.20897891e-11	-1.90736e-05	-3.33788e-05	3.62399e-05	-116.094
789.3152	9.317	6.21565021e-11	1.90736e-05	-3.91009e-05	4.19619e-05	-60.486
792.6092	9.327	6.222321509999999e-11	2.00273e-05	-2.9564e-05	3.52862e-05	-51.168
795.888	9.337	6.228992809999999e-11	3.81473e-06	-3.14715e-05	3.05178e-05	-82.728
799.1671	9.347	6.23566411e-11	4.7684e-06	-2.28883e-05	2.19346e-05	-80.838
802.4446	9.357	6.24233541e-11	5.72208e-06	-4.48229e-05	4.38693e-05	-82.116
805.7382	9.367	6.24900671e-11	2.28883e-05	-4.7684e-06	2.47956e-05	-10.716
809.0345	9.377	6.25567801e-11	1.71663e-05	-2.28883e-05	2.86103e-05	-50.712
812.311	9.387	6.26234931e-11	1.14442e-05	-3.62399e-05	3.71935e-05	-72.216
815.5913	9.397	6.26902061e-11	3.71935e-05	-2.47956e-05	4.38693e-05	-31.548
818.8845	9.407	6.27569191e-11	4.19619e-05	-1.04905e-05	4.29156e-05	-15.102
822.1641	9.417	6.28236321e-11	2.0981e-05	-6.67575e-06	2.19346e-05	-18.972
825.4579	9.427	6.28903451e-11	7.62945e-06	-1.33515e-05	1.52589e-05	-52.596
828.7527	9.437	6.295705809999999e-11	2.19346e-05	-1.81199e-05	2.6703e-05	-41.988
832.047	9.447	6.302377109999999e-11	1.04905e-05	8.58313e-06	1.33515e-05	33.69
835.3409	9.457	6.30904841e-11	1.04905e-05	-1.33515e-05	1.62126e-05	-48.18
838.6358	9.467	6.31571971e-11	-9.53682e-07	-4.19619e-05	4.10082e-05	-87.186
841.9142	9.477	6.32239101e-11	2.00273e-05	-3.33788e-05	3.81472e-05	-60.378
845.1925	9.487	6.32906231e-11	1.23978e-05	-3.62399e-05	3.71935e-05	-70.908
848.4868	9.497	6.33573361e-11	3.05178e-05	-1.90736e-05	3.62399e-05	-32.55
851.7812	9.507	6.34240491e-11	0.0	-2.9564e-05	2.86103e-05	-87.276
855.0591	9.517	6.349076209999999e-11	3.81473e-06	1.33515e-05	1.43052e-05	71.568
858.3379	9.527	6.355747509999999e-11	2.9564e-05	-6.67575e-06	3.14715e-05	-8.298
861.6165	9.537	6.36241881e-11	2.3842e-05	2.86104e-06	2.3842e-05	11.634
864.9095	9.547	6.36909011e-11	1.33515e-05	-1.81199e-05	2.00273e-05	-51.63
868.2052	9.557	6.37576141e-11	1.71663e-05	-2.00273e-05	2.47956e-05	-50.388
871.5154	9.567	6.38243271e-11	-3.81473e-06	-9.5368e-06	7.62945e-06	-119.052
874.8092	9.577	6.38910401e-11	4.7684e-06	-1.90736e-06	5.72208e-06	-29.052
878.1192	9.587	6.395775309999999e-11	2.86104e-06	8.58313e-06	8.58313e-06	68.964
881.3979	9.597	6.402446609999999e-11	8.58313e-06	-3.43325e-05	3.52862e-05	-75.702
884.6771	9.607	6.40911791e-11	3.81473e-06	-1.14442e-05	1.14442e-05	-73.608
887.9554	9.617	6.41578921e-11	2.3842e-05	-2.86103e-05	3.71935e-05	-48.618
891.2492	9.627	6.42246051e-11	2.86104e-06	-2.00273e-05	1.90736e-05	-84.288
894.5443	9.637	6.42913181e-11	8.58313e-06	-2.6703e-05	2.6703e-05	-72.474
897.838	9.647	6.43580311e-11	1.43052e-05	-2.76567e-05	2.9564e-05	-66.972
901.1159	9.657	6.442474409999999e-11	6.67575e-06	-2.0981e-05	2.19346e-05	-66.372
904.3954	9.667	6.449145709999999e-11	1.71663e-05	-9.5368e-06	2.0981e-05	-23.43
907.6731	9.677	6.45581701e-11	-2.86104e-06	-2.76567e-05	2.6703e-05	-94.188
910.968	9.687	6.46248831e-11	2.3842e-05	-1.62126e-05	2.9564e-05	-31.608
914.2628	9.697	6.469159609999999e-11	1.23978e-05	1.62126e-05	2.0981e-05	49.968
917.5412	9.707	6.47583091e-11	8.58313e-06	2.86104e-06	8.58313e-06	26.562
920.8355	9.717	6.48250221e-11	2.3842e-05	-3.81472e-05	4.38693e-05	-60.048
924.1292	9.727	6.48917351e-11	4.00546e-05	-2.28883e-05	4.76839e-05	-27.276
927.4244	9.737	6.49584481e-11	3.14715e-05	-3.71935e-05	4.86376e-05	-48.816
930.7028	9.747	6.50251611e-11	2.6703e-05	-3.43325e-05	4.29156e-05	-50.646
933.9813	9.757	6.50918741e-11	3.62399e-05	-2.9564e-05	4.67303e-05	-36.384
937.2425	9.767	6.515858709999999e-11	9.5368e-06	-2.28883e-05	2.3842e-05	-66.798
940.538	9.777	6.522530009999999e-11	2.00273e-05	-1.81199e-05	2.6703e-05	-41.988
943.8323	9.787	6.52920131e-11	9.5368e-06	-3.05178e-05	3.05178e-05	-73.884
947.1107	9.797	6.53587261e-11	1.90736e-05	-2.19346e-05	2.76567e-05	-46.908
950.4051	9.807	6.54254391e-11	1.04905e-05	5.72208e-06	1.52589e-05	15.642
953.7152	9.817	6.54921521e-11	3.81473e-06	-1.52589e-05	1.43052e-05	-76.608
957.0089	9.827	6.55588651e-11	1.71663e-05	-2.3842e-05	2.9564e-05	-48.468
960.3041	9.837	6.56255781e-11	1.62126e-05	-2.3842e-05	2.76567e-05	-55.92
963.5818	9.847	6.569229109999999e-11	1.33515e-05	1.23978e-05	1.81199e-05	45.0
966.8608	9.857	6.575900409999999e-11	2.9564e-05	-2.47956e-05	3.71935e-05	-39.936
970.154	9.867	6.58257171e-11	3.52862e-05	-9.53682e-07	3.62399e-05	-1.044
973.4338	9.877	6.58924301e-11	2.76567e-05	-7.62945e-06	2.86103e-05	-14.352
976.7116	9.887	6.59591431e-11	5.24523e-05	2.86104e-06	5.3406e-05	2.094
979.9904	9.897	6.60258561e-11	2.86103e-05	-4.00546e-05	4.86376e-05	-56.976
983.2679	9.907	6.60925691e-11	2.3842e-05	-2.76567e-05	3.71935e-05	-44.274
986.5316	9.917	6.615928209999999e-11	2.9564e-05	-1.62126e-05	3.52862e-05	-27.51
989.826	9.927	6.622599509999999e-11	1.90736e-05	-1.23978e-05	2.19346e-05	-28.74
993.1193	9.937	6.62927081e-11	3.14715e-05	-1.33515e-05	3.43325e-05	-21.594
996.3978	9.947	6.63594211e-11	4.19619e-05	-3.14715e-05	5.24523e-05	-34.878
999.6933	9.957	6.64261341e-11	1.23978e-05	-9.5368e-06	1.43052e-05	-37.878
1002.9711	9.967	6.64928471e-11	1.71663e-05	-1.14442e-05	2.00273e-05	-30.648
1006.2658	9.977	6.65595601e-11	1.43052e-05	-9.5368e-06	1.52589e-05	-41.424
1009.5586	9.987	6.662627309999999e-11	1.90736e-05	-1.90736e-05	2.6703e-05	-44.028
1012.8225	9.997	6.669298609999999e-11	1.81199e-05	-3.33788e-05	3.81472e-05	-56.85
1016.0996	10.007	6.67596991e-11	2.3842e-05	-3.43325e-05	4.29156e-05	-55.08
1019.378	10.017	6.68264121e-11	2.9564e-05	-2.47956e-05	4.00546e-05	-35.538
1022.6892	10.027	6.689312509999999e-11	3.62399e-05	-9.5368e-06	3.81472e-05	-14.742
1025.9841	10.037	6.69598381e-11	4.38693e-05	-2.0981e-05	4.86376e-05	-27.936
1029.2623	10.047	6.70265511e-11	3.24252e-05	-1.33515e-05	3.52862e-05	-20.43
1032.5397	10.057	6.70932641e-11	7.62945e-06	-2.76567e-05	2.86103e-05	-72.408
1035.8177	10.067	6.71599771e-11	2.00273e-05	-2.47956e-05	3.05178e-05	-51.912
1039.0976	10.077	6.72266901e-11	1.33515e-05	-1.33515e-05	1.81199e-05	-42.138
1042.376	10.087	6.72934031e-11	3.81472e-05	-1.52589e-05	4.10082e-05	-20.226
1045.6526	10.097	6.73601161e-11	3.91009e-05	-2.00273e-05	4.38693e-05	-26.178
1048.948	10.107	6.742682909999999e-11	6.67575e-06	-2.86104e-06	8.58313e-06	-30.258
1052.2107	10.117	6.74935421e-11	0.0	-1.33515e-05	1.23978e-05	-90.0
1055.5057	10.127	6.75602551e-11	2.00273e-05	-1.23978e-05	2.47956e-05	-28.608
1058.7679	10.137	6.76269681e-11	2.00273e-05	-1.81199e-05	2.57493e-05	-38.886
1062.0455	10.147	6.76936811e-11	1.33515e-05	-1.23978e-05	1.81199e-05	-34.284
1065.3079	10.157	6.77603941e-11	3.24252e-05	-3.33788e-05	4.57766e-05	-44.412
1068.5867	10.167	6.78271071e-11	3.71935e-05	8.58313e-06	3.81472e-05	12.846
1071.8651	10.177	6.789382009999999e-11	2.19346e-05	-1.62126e-05	2.6703e-05	-37.146
1075.1446	10.187	6.796053309999999e-11	1.52589e-05	-3.24252e-05	3.52862e-05	-63.906
1078.438	10.197	6.802724609999999e-11	1.62126e-05	-1.33515e-05	1.90736e-05	-36.468
1081.7332	10.207	6.80939591e-11	2.76567e-05	-1.33515e-05	2.9564e-05	-24.864
1085.0267	10.217	6.81606721e-11	4.95913e-05	-1.14442e-05	5.24523e-05	-12.144
1088.3224	10.227	6.82273851e-11	2.57493e-05	-4.10082e-05	4.86376e-05	-55.884
1091.6321	10.237	6.82940981e-11	3.52862e-05	-1.43052e-05	3.71935e-05	-20.676
1094.9101	10.247	6.836081109999999e-11	2.3842e-05	-1.62126e-05	2.86103e-05	-34.44
1098.2056	10.257	6.842752409999999e-11	2.00273e-05	-1.33515e-05	2.3842e-05	-31.506
1101.484	10.267	6.84942371e-11	4.57766e-05	-2.6703e-05	5.24523e-05	-29.748
1104.7765	10.277	6.85609501e-11	2.86103e-05	-1.71663e-05	3.24252e-05	-30.174
1108.0729	10.287	6.86276631e-11	4.7684e-06	-1.62126e-05	1.71663e-05	-66.252
1111.3512	10.297	6.86943761e-11	1.23978e-05	-2.76567e-05	3.05178e-05	-61.782
1114.6292	10.307	6.87610891e-11	8.58313e-06	-2.76567e-05	2.6703e-05	-71.112
1117.9233	10.317	6.882780209999999e-11	1.33515e-05	0.0	1.33515e-05	0.0
1121.2025	10.327	6.889451509999999e-11	2.47956e-05	-3.71935e-05	4.38693e-05	-55.584
1124.4808	10.337	6.89612281e-11	3.91009e-05	-3.52862e-05	5.3406e-05	-39.534
1127.7751	10.347	6.90279411e-11	2.86103e-05	-3.62399e-05	4.48229e-05	-52.122
1131.0692	10.357	6.909465409999999e-11	8.58313e-06	-4.00546e-05	4.10082e-05	-78.156
1134.3321	10.367	6.91613671e-11	3.43325e-05	-4.48229e-05	5.53133e-05	-50.904
1137.6092	10.377	6.92280801e-11	6.00817e-05	-2.0981e-05	6.48503e-05	-18.252
1140.9049	10.387	6.92947931e-11	2.3842e-05	-1.81199e-05	2.86103e-05	-42.186
1144.1828	10.397	6.93615061e-11	1.62126e-05	-1.33515e-05	2.0981e-05	-32.196
1147.4618	10.407	6.94282191e-11	2.00273e-05	-2.76567e-05	3.33788e-05	-52.908
1150.7392	10.417	6.94949321e-11	2.6703e-05	-2.47956e-05	3.62399e-05	-42.066
1154.018	10.427	6.95616451e-11	3.43325e-05	-1.62126e-05	3.81472e-05	-23.46
1157.2972	10.437	6.962835809999999e-11	2.57493e-05	-1.33515e-05	2.9564e-05	-25.41
1160.5916	10.447	6.969507109999999e-11	3.05178e-05	-2.76567e-05	4.10082e-05	-42.336
1163.9018	10.457	6.97617841e-11	3.05178e-05	-2.0981e-05	3.62399e-05	-35.166
1167.1951	10.467	6.98284971e-11	3.05178e-05	-2.9564e-05	4.19619e-05	-43.11
1170.4745	10.477	6.98952101e-11	2.9564e-05	-1.04905e-05	3.05178e-05	-19.572
1173.7528	10.487	6.99619231e-11	1.43052e-05	-2.6703e-05	2.9564e-05	-58.392
1177.0471	10.497	7.00286361e-11	2.86103e-05	-1.81199e-05	3.52862e-05	-29.874
1180.3416	10.507	7.009534909999999e-11	3.91009e-05	-3.14715e-05	4.86376e-05	-40.104
1183.6192	10.517	7.016206209999999e-11	2.9564e-05	-9.5368e-06	2.9564e-05	-14.676
1186.9141	10.527	7.022877509999999e-11	4.57766e-05	-4.19619e-05	6.2943e-05	-41.634
1190.208	10.537	7.02954881e-11	3.24252e-05	0.0	3.24252e-05	0.0
1193.5029	10.547	7.03622011e-11	4.10082e-05	-2.0981e-05	4.57766e-05	-26.928
1196.7811	10.557	7.04289141e-11	3.81472e-05	-9.5368e-06	4.00546e-05	-12.228
1200.0591	10.567	7.04956271e-11	2.86103e-05	-6.2943e-05	6.8665e-05	-64.416
1203.3371	10.577	7.056234009999999e-11	3.43325e-05	-3.05178e-05	4.57766e-05	-39.702
1206.6156	10.587	7.062905309999999e-11	1.90736e-05	-4.00546e-05	4.38693e-05	-63.06
1209.8945	10.597	7.06957661e-11	2.3842e-05	-4.00546e-05	4.57766e-05	-58.758
1213.1724	10.607	7.07624791e-11	4.7684e-06	-4.10082e-05	4.00546e-05	-83.556
1216.4506	10.617	7.08291921e-11	5.0545e-05	-3.43325e-05	6.10356e-05	-34.212
1219.7286	10.627	7.08959051e-11	3.71935e-05	-3.33788e-05	4.95913e-05	-39.51
1223.0243	10.637	7.09626181e-11	5.72208e-06	-2.3842e-05	2.28883e-05	-78.024
1226.318	10.647	7.10293311e-11	3.62399e-05	-4.29156e-05	5.53133e-05	-50.37
1229.5974	10.657	7.109604409999999e-11	3.52862e-05	-2.47956e-05	4.29156e-05	-34.188
1232.8918	10.667	7.11627571e-11	6.10356e-05	-2.47956e-05	6.77113e-05	-22.11
1236.2011	10.677	7.12294701e-11	4.86376e-05	-3.43325e-05	6.00817e-05	-33.864
1239.5127	10.687	7.129618309999999e-11	6.2943e-05	-4.29156e-05	7.43871e-05	-34.404
1242.823	10.697	7.136289609999999e-11	6.8665e-05	-2.76567e-05	7.62944e-05	-20.79
1246.1002	10.707	7.14296091e-11	3.81472e-05	-1.23978e-05	4.19619e-05	-17.574
1249.3787	10.717	7.14963221e-11	3.33788e-05	-2.86103e-05	4.38693e-05	-40.134
1252.6571	10.727	7.15630351e-11	3.24252e-05	-3.52862e-05	4.57766e-05	-47.34
1255.9365	10.737	7.16297481e-11	6.10356e-05	-4.29156e-05	7.43871e-05	-34.536
1259.2136	10.747	7.16964611e-11	3.05178e-05	-2.9564e-05	4.19619e-05	-43.068
1262.4773	10.757	7.17631741e-11	8.58312e-05	-2.6703e-05	8.96459e-05	-16.944
1265.7708	10.767	7.182988709999999e-11	4.38693e-05	-4.19619e-05	5.9128e-05	-44.088
1269.0661	10.777	7.189660009999999e-11	5.53133e-05	-3.05178e-05	6.2943e-05	-28.176
1272.3592	10.787	7.19633131e-11	7.05724e-05	-1.81199e-05	7.34334e-05	-15.162
1275.6375	10.797	7.20300261e-11	6.19893e-05	-2.47956e-05	6.5804e-05	-22.44
1278.9331	10.807	7.20967391e-11	3.71935e-05	-5.72208e-06	3.71935e-05	-7.254
1282.2276	10.817	7.21634521e-11	5.24523e-05	-4.00546e-05	6.5804e-05	-37.776
1285.5046	10.827	7.22301651e-11	4.95913e-05	-4.95913e-05	6.8665e-05	-45.786
1288.7679	10.837	7.229687809999999e-11	2.28883e-05	-3.14715e-05	3.91009e-05	-54.462
1292.0466	10.847	7.236359109999999e-11	7.53407e-05	-4.38693e-05	8.77385e-05	-30.288
1295.3249	10.857	7.24303041e-11	3.14715e-05	-3.62399e-05	4.76839e-05	-48.366
1298.6034	10.867	7.249701710000001e-11	6.5804e-05	-5.43597e-05	8.58312e-05	-39.354
1301.8977	10.877	7.25637301e-11	5.9128e-05	-6.5804e-05	8.77385e-05	-46.218
1305.1921	10.887	7.26304431e-11	4.95913e-05	-1.90736e-05	5.14986e-05	-22.506
1308.4864	10.897	7.26971561e-11	5.24523e-05	-3.71935e-05	6.5804e-05	-33.528
1311.7644	10.907	7.276386909999999e-11	6.5804e-05	-3.81472e-05	7.72481e-05	-29.622
1315.0432	10.917	7.283058209999999e-11	5.72207e-05	-6.96187e-05	9.05995e-05	-51.006
1318.3374	10.927	7.28972951e-11	5.24523e-05	-2.9564e-05	6.00817e-05	-28.26