Time (s) 	 Position (mm) 	 Delay (s) 	 X 	 Y 	 R 	 theta 
#Without Preamplifier,searching for the GaP signal, ZnTe detector angle 40deg, Chopper 230Hz, time constant=0.1s 18dB, waiting time= 0.9s, sensitivity=20mV
1.6413	7.89	5.2636556999999995e-11	-8.96459e-05	-4.00546e-05	9.63216e-05	-153.438
3.1248	7.894	5.26632422e-11	-3.43325e-05	-1.81199e-05	3.52862e-05	-160.824
4.8363	7.898	5.26899274e-11	-4.86376e-05	-2.86104e-06	5.14986e-05	-175.062
6.2997	7.902	5.2716612599999996e-11	-6.8665e-05	3.81473e-06	7.05724e-05	-179.472
7.7662	7.906	5.2743297799999994e-11	-3.81472e-05	-1.43052e-05	4.38693e-05	-164.166
9.25	7.91	5.2769983e-11	-1.33515e-05	-1.04905e-05	1.04905e-05	-155.556
10.7077	7.914	5.27966682e-11	-4.29156e-05	-2.0981e-05	4.48229e-05	-148.452
12.1788	7.918	5.2823353399999995e-11	-5.6267e-05	-1.62126e-05	5.9128e-05	-161.178
13.6536	7.922	5.2850038599999994e-11	-5.81744e-05	-5.14986e-05	7.72481e-05	-132.882
15.1251	7.926	5.28767238e-11	-6.96187e-05	-4.10082e-05	7.43871e-05	-149.13
16.857	7.93	5.2903408999999996e-11	-2.47956e-05	-6.67575e-06	2.57493e-05	-160.644
18.3248	7.934	5.29300942e-11	-4.95913e-05	-4.48229e-05	6.38966e-05	-138.468
20.0372	7.938	5.295677939999999e-11	-7.34334e-05	3.81473e-06	7.72481e-05	-179.028
21.5212	7.942	5.29834646e-11	-3.91009e-05	5.72208e-06	4.86376e-05	-177.906
23.0135	7.946	5.3010149799999996e-11	-4.57766e-05	1.04905e-05	4.48229e-05	175.602
24.4956	7.95	5.3036835e-11	-8.86922e-05	-2.47956e-05	8.20165e-05	-160.644
25.9835	7.954	5.30635202e-11	-4.48229e-05	1.23978e-05	5.24523e-05	169.632
27.4617	7.958	5.3090205399999997e-11	-6.48503e-05	-3.05178e-05	7.24797e-05	-149.304
28.912	7.962	5.3116890599999995e-11	-2.6703e-05	-2.9564e-05	3.71935e-05	-127.506
30.3866	7.966	5.31435758e-11	-4.95913e-05	-3.14715e-05	5.53133e-05	-142.308
32.1118	7.97	5.3170261e-11	-3.81472e-05	-1.33515e-05	3.71935e-05	-147.774
33.6024	7.974	5.3196946199999996e-11	-5.81744e-05	-5.72208e-06	5.72207e-05	-163.236
35.3229	7.978	5.3223631399999994e-11	-5.6267e-05	9.5368e-06	4.76839e-05	168.516
36.7826	7.982	5.32503166e-11	-4.86376e-05	2.19346e-05	5.0545e-05	153.438
38.256	7.986	5.32770018e-11	-2.57493e-05	-4.76839e-05	5.0545e-05	-116.562
39.7373	7.99	5.3303687e-11	-5.53133e-05	-2.6703e-05	6.5804e-05	-159.576
41.1981	7.994	5.3330372199999993e-11	-6.00817e-05	-6.67575e-06	5.9128e-05	-175.452
42.6514	7.998	5.33570574e-11	-3.24252e-05	-1.52589e-05	4.38693e-05	-159.252
44.1043	8.002	5.33837426e-11	-2.00273e-05	-3.14715e-05	3.52862e-05	-119.052
45.5674	8.006	5.34104278e-11	-3.33788e-05	7.62945e-06	4.10082e-05	165.966
47.2729	8.01	5.343711299999999e-11	-4.67303e-05	-4.7684e-06	5.0545e-05	-177.852
48.7317	8.014	5.346379819999999e-11	-2.0981e-05	1.23978e-05	2.6703e-05	148.812
50.2167	8.018	5.34904834e-11	-1.14442e-05	-3.43325e-05	3.33788e-05	-116.562
51.7281	8.022	5.35171686e-11	-1.71663e-05	-2.57493e-05	3.05178e-05	-124.332
53.2157	8.026	5.35438538e-11	-8.86922e-05	-4.48229e-05	9.91826e-05	-153.438
54.7192	8.03	5.357053899999999e-11	-6.00817e-05	-2.28883e-05	7.24797e-05	-160.944
56.1909	8.034	5.35972242e-11	-2.3842e-05	-3.14715e-05	3.91009e-05	-128.046
57.8937	8.038	5.36239094e-11	1.71663e-05	-2.00273e-05	3.24252e-05	-47.352
59.3727	8.042	5.36505946e-11	-4.95913e-05	-1.23978e-05	5.0545e-05	-165.966
60.8588	8.046	5.3677279799999996e-11	-6.5804e-05	-2.86104e-06	6.38966e-05	-178.248
62.3306	8.05	5.3703965e-11	-2.9564e-05	-8.01091e-05	8.20165e-05	-110.442
63.805	8.054	5.37306502e-11	-1.90736e-05	-2.28883e-05	2.47956e-05	-138.366
65.5283	8.058	5.37573354e-11	-5.9128e-05	-1.33515e-05	6.38966e-05	-173.724
67.0201	8.062	5.3784020599999995e-11	-7.05724e-05	-3.14715e-05	7.72481e-05	-146.04
68.4732	8.066	5.38107058e-11	-4.00546e-05	-2.28883e-05	5.0545e-05	-155.376
69.9421	8.07	5.3837391e-11	-6.10356e-05	2.57493e-05	6.19893e-05	153.996
71.4189	8.074	5.3864076199999996e-11	-4.95913e-05	-6.19893e-05	7.53407e-05	-126.666
73.1618	8.078	5.3890761399999994e-11	-5.6267e-05	-4.29156e-05	7.05724e-05	-144.09
74.6124	8.082	5.39174466e-11	-6.10356e-05	-3.62399e-05	7.24797e-05	-145.752
76.0808	8.086	5.39441318e-11	-3.62399e-05	5.72208e-06	3.33788e-05	176.634
77.8096	8.09	5.3970816999999995e-11	-3.71935e-05	-5.24523e-05	6.67577e-05	-127.776
79.3134	8.094	5.3997502199999994e-11	-6.00817e-05	-9.5368e-06	5.9128e-05	-163.428
80.7836	8.098	5.4024187400000005e-11	-5.43597e-05	-7.62945e-06	4.86376e-05	-172.674
82.2606	8.102	5.4050872599999997e-11	-3.81472e-05	-3.05178e-05	4.76839e-05	-135.0
83.7347	8.106	5.4077557799999995e-11	-6.48503e-05	-1.81199e-05	7.05724e-05	-165.582
85.4393	8.11	5.410424299999999e-11	-4.00546e-05	-1.81199e-05	4.57766e-05	-149.856
86.9111	8.114	5.4130928200000004e-11	-6.8665e-05	-2.9564e-05	7.43871e-05	-157.62
88.3884	8.118	5.41576134e-11	-3.62399e-05	-6.2943e-05	7.43871e-05	-126.87
89.8537	8.122	5.4184298599999994e-11	-5.81744e-05	-2.47956e-05	6.00817e-05	-153.438
91.3131	8.126	5.421098379999999e-11	-1.33515e-05	-2.28883e-05	2.3842e-05	-112.992
92.7703	8.13	5.4237669000000003e-11	-7.24797e-05	-3.81472e-05	8.39238e-05	-152.244
94.2403	8.134	5.42643542e-11	-4.29156e-05	4.10082e-05	6.00817e-05	144.018
95.9861	8.138	5.42910394e-11	-2.28883e-05	-1.23978e-05	1.81199e-05	170.91
97.4375	8.142	5.431772459999999e-11	-4.67303e-05	-3.33788e-05	5.81744e-05	-148.476
98.8932	8.146	5.43444098e-11	-6.8665e-05	-7.72481e-05	0.000100136	-128.418
100.3961	8.15	5.4371095e-11	-4.29156e-05	-3.43325e-05	5.6267e-05	-139.764
101.8752	8.154	5.43977802e-11	-8.58312e-05	5.72208e-06	8.20165e-05	173.916
103.5807	8.158	5.442446539999999e-11	-4.00546e-05	-4.86376e-05	6.38966e-05	-129.654
105.0341	8.162	5.44511506e-11	-2.0981e-05	-1.14442e-05	1.90736e-05	-136.398
106.4966	8.166	5.44778358e-11	-2.9564e-05	-2.9564e-05	4.29156e-05	-139.212
108.19	8.17	5.4504521e-11	-3.14715e-05	-4.7684e-06	2.47956e-05	-168.69
109.6426	8.174	5.4531206199999996e-11	-6.67577e-05	-4.7684e-06	6.38966e-05	-175.74
111.0844	8.178	5.45578914e-11	-3.14715e-05	-2.28883e-05	3.24252e-05	-140.358
112.5376	8.182	5.45845766e-11	-9.82289e-05	-2.9564e-05	0.00010109	-165.312
114.2613	8.186	5.46112618e-11	-5.14986e-05	-1.62126e-05	4.29156e-05	-154.26
115.7347	8.19	5.4637946999999996e-11	-5.72207e-05	2.19346e-05	5.72207e-05	157.95
117.2131	8.194	5.46646322e-11	-4.38693e-05	-4.48229e-05	6.2943e-05	-132.51
118.6675	8.198	5.46913174e-11	-3.81472e-05	-8.58313e-06	3.71935e-05	-168.69
120.3617	8.202	5.4718002599999997e-11	0.0	1.33515e-05	1.43052e-05	115.344
121.82	8.206	5.4744687799999995e-11	-7.1526e-05	-3.81473e-06	6.19893e-05	-175.452
123.2715	8.21	5.4771373000000006e-11	-6.67577e-05	-9.5368e-06	6.19893e-05	-170.538
124.7223	8.214	5.47980582e-11	-6.8665e-05	-2.00273e-05	6.5804e-05	-166.254
126.4563	8.218	5.4824743399999996e-11	-7.53407e-05	-4.29156e-05	8.10628e-05	-150.084
127.8941	8.222	5.4851428599999994e-11	-5.3406e-05	-2.00273e-05	5.53133e-05	-156.45
129.3541	8.226	5.4878113800000005e-11	-5.81744e-05	9.53682e-07	5.81744e-05	-178.05
130.8185	8.23	5.4904799e-11	-6.48503e-05	-4.00546e-05	7.34334e-05	-154.854
132.2987	8.234	5.4931484199999995e-11	-6.5804e-05	-1.81199e-05	7.24797e-05	-161.058
134.0057	8.238	5.4958169399999993e-11	-6.96187e-05	-1.43052e-05	7.34334e-05	-165.228
135.4741	8.242	5.4984854600000005e-11	-4.00546e-05	-4.19619e-05	5.53133e-05	-130.674
136.9797	8.246	5.50115398e-11	-8.58312e-05	-3.71935e-05	9.44142e-05	-157.38
138.6914	8.25	5.5038224999999995e-11	-8.39238e-05	-2.47956e-05	8.39238e-05	-169.152
140.1691	8.254	5.506491019999999e-11	-6.96187e-05	-4.86376e-05	7.91554e-05	-144.924
141.6381	8.258	5.509159539999999e-11	-3.14715e-05	1.62126e-05	4.19619e-05	154.884
143.1189	8.262	5.51182806e-11	-6.19893e-05	-8.58313e-06	5.53133e-05	-168.114
144.8662	8.266	5.51449658e-11	-5.6267e-05	-7.62945e-06	5.81744e-05	170.328
146.3399	8.27	5.517165099999999e-11	-4.95913e-05	-3.81472e-05	6.38966e-05	-127.776
147.8147	8.274	5.519833619999999e-11	-7.34334e-05	-1.23978e-05	7.34334e-05	-170.97
149.2866	8.278	5.52250214e-11	-7.82018e-05	-4.67303e-05	8.39238e-05	-147.096
151.01	8.282	5.52517066e-11	-4.76839e-05	-9.5368e-06	4.86376e-05	-165.018
152.4843	8.286	5.527839179999999e-11	-7.1526e-05	-3.81472e-05	8.58312e-05	-151.668
153.9664	8.29	5.530507699999999e-11	-3.33788e-05	1.04905e-05	3.43325e-05	152.97
155.4214	8.294	5.53317622e-11	-1.43052e-05	-3.62399e-05	3.62399e-05	-123.39
157.151	8.298	5.53584474e-11	-4.48229e-05	-4.7684e-06	4.19619e-05	-157.038
158.6603	8.302	5.53851326e-11	-9.05995e-05	-1.43052e-05	8.77385e-05	-173.658
160.1109	8.306	5.541181779999999e-11	-3.43325e-05	-2.47956e-05	3.91009e-05	-147.378
161.5966	8.31	5.5438503e-11	-8.48775e-05	-9.5368e-06	8.48775e-05	-168.252
163.29	8.314	5.54651882e-11	-4.48229e-05	-4.29156e-05	6.00817e-05	-133.266
164.7704	8.318	5.5491873399999996e-11	-4.67303e-05	-1.14442e-05	4.95913e-05	-166.332
166.237	8.322	5.5518558599999994e-11	-2.0981e-05	-3.81473e-06	2.3842e-05	167.322
167.6962	8.326	5.55452438e-11	-7.1526e-05	-4.19619e-05	7.43871e-05	-143.238
169.3896	8.33	5.5571929e-11	-7.53407e-05	-2.6703e-05	7.62944e-05	-159.324
170.8613	8.334	5.5598614199999995e-11	-1.81199e-05	-1.33515e-05	2.0981e-05	-126.156
172.3201	8.338	5.5625299399999994e-11	-6.00817e-05	9.5368e-06	6.38966e-05	166.83
173.7887	8.342	5.56519846e-11	-7.91554e-05	2.86104e-06	7.82018e-05	-177.534
175.2622	8.346	5.5678669799999997e-11	-2.76567e-05	9.53682e-07	1.71663e-05	-161.568
177.0054	8.35	5.5705354999999995e-11	-6.10356e-05	-1.33515e-05	7.05724e-05	-167.418
178.4553	8.354	5.573204019999999e-11	-3.43325e-05	3.81473e-06	3.05178e-05	159.588
179.9132	8.358	5.57587254e-11	-5.9128e-05	-4.48229e-05	7.05724e-05	-141.342
181.3849	8.362	5.5785410599999996e-11	-4.95913e-05	-2.47956e-05	5.53133e-05	-164.148
182.8737	8.366	5.5812095799999994e-11	-9.5368e-06	-1.04905e-05	8.58313e-06	-118.608
184.3403	8.37	5.583878099999999e-11	-5.24523e-05	-4.95913e-05	7.72481e-05	-140.13
185.8334	8.374	5.5865466200000003e-11	-2.6703e-05	2.57493e-05	3.43325e-05	133.314
187.58	8.378	5.5892151399999995e-11	-6.48503e-05	1.43052e-05	6.00817e-05	174.162
189.0607	8.382	5.5918836599999993e-11	-3.33788e-05	-5.14986e-05	5.72207e-05	-114.726
190.5303	8.386	5.594552179999999e-11	-8.10628e-05	-1.71663e-05	8.10628e-05	-171.0
192.0214	8.39	5.5972207e-11	-6.00817e-05	5.72208e-06	6.10356e-05	180.0
193.7489	8.394	5.59988922e-11	-7.05724e-05	-6.00817e-05	8.96459e-05	-144.162
195.2196	8.398	5.602557739999999e-11	-6.5804e-05	-9.5368e-06	6.77113e-05	-170.442
196.7277	8.402	5.605226259999999e-11	-9.34605e-05	-3.33788e-05	9.44142e-05	-153.06
198.1923	8.406	5.60789478e-11	-2.9564e-05	2.57493e-05	3.24252e-05	125.394
199.9127	8.41	5.6105633e-11	-2.28883e-05	-4.7684e-06	2.19346e-05	-176.73
201.3933	8.414	5.61323182e-11	-1.81199e-05	-4.7684e-06	2.19346e-05	-175.71
202.8497	8.418	5.615900339999999e-11	-3.62399e-05	2.9564e-05	4.10082e-05	138.534
204.3425	8.422	5.61856886e-11	-3.33788e-05	-2.6703e-05	4.57766e-05	-158.064
205.8228	8.426	5.62123738e-11	-4.48229e-05	-2.86104e-06	3.71935e-05	178.878
207.5336	8.43	5.6239059e-11	-7.62944e-05	-5.9128e-05	9.63216e-05	-140.85
208.994	8.434	5.626574419999999e-11	-4.48229e-05	-4.00546e-05	6.2943e-05	-139.458
210.4666	8.438	5.62924294e-11	-1.90736e-05	1.14442e-05	1.90736e-05	131.01
211.922	8.442	5.63191146e-11	-3.81472e-05	-5.43597e-05	6.2943e-05	-122.472
213.3953	8.446	5.6345799799999997e-11	-6.10356e-05	2.86104e-06	7.1526e-05	177.99
214.8591	8.45	5.6372484999999995e-11	-5.3406e-05	-4.7684e-06	4.67303e-05	-169.692
216.3389	8.454	5.63991702e-11	-9.44142e-05	-1.81199e-05	9.44142e-05	-165.966
218.0429	8.458	5.64258554e-11	-4.95913e-05	-3.33788e-05	6.19893e-05	-147.804
219.506	8.462	5.6452540599999996e-11	-2.47956e-05	-4.86376e-05	5.24523e-05	-109.8
220.9557	8.466	5.6479225799999994e-11	8.58313e-06	-1.90736e-05	2.28883e-05	-93.99
222.4321	8.47	5.6505911e-11	-8.77385e-05	-3.43325e-05	9.25069e-05	-155.484
224.125	8.474	5.65325962e-11	-7.05724e-05	-3.33788e-05	7.62944e-05	-155.226
225.6017	8.478	5.6559281399999995e-11	-4.67303e-05	-2.00273e-05	4.86376e-05	-148.242
227.0495	8.482	5.6585966599999993e-11	-6.5804e-05	-4.7684e-06	6.5804e-05	-177.168
228.529	8.486	5.6612651800000005e-11	-5.14986e-05	-4.38693e-05	6.48503e-05	-141.438
230.2517	8.49	5.6639336999999996e-11	-5.3406e-05	-3.24252e-05	6.96187e-05	-157.92
231.7231	8.494	5.6666022199999995e-11	-4.48229e-05	1.90736e-06	4.86376e-05	-174.996
233.212	8.498	5.669270739999999e-11	-2.28883e-05	5.72208e-06	2.19346e-05	146.688
234.678	8.502	5.6719392600000004e-11	-8.01091e-05	1.90736e-06	7.05724e-05	-176.664
236.134	8.506	5.6746077799999996e-11	-4.7684e-06	-3.81473e-06	1.23978e-05	-145.176
237.846	8.51	5.6772762999999994e-11	-6.2943e-05	-4.86376e-05	7.24797e-05	-139.512
239.3079	8.514	5.679944819999999e-11	-7.82018e-05	2.0981e-05	8.10628e-05	162.306
240.7731	8.518	5.68261334e-11	-5.14986e-05	1.90736e-06	5.53133e-05	170.328
242.2619	8.522	5.68528186e-11	-7.1526e-05	-3.14715e-05	7.1526e-05	-148.734
243.7224	8.526	5.687950379999999e-11	-6.2943e-05	-3.81472e-05	7.05724e-05	-146.466
245.2036	8.53	5.690618899999999e-11	-7.34334e-05	-4.7684e-06	7.43871e-05	-174.438
246.6684	8.534	5.69328742e-11	-6.8665e-05	-4.19619e-05	7.34334e-05	-155.016
248.4221	8.538	5.69595594e-11	-9.15532e-05	-2.47956e-05	8.48775e-05	-155.94
249.8976	8.542	5.69862446e-11	-1.62126e-05	1.81199e-05	2.57493e-05	141.114
251.3955	8.546	5.701292979999999e-11	-4.29156e-05	-3.91009e-05	5.0545e-05	-126.87
252.8704	8.55	5.7039615e-11	-5.9128e-05	-1.90736e-05	5.72207e-05	-150.252
254.338	8.554	5.70663002e-11	-7.91554e-05	3.62399e-05	8.77385e-05	155.952
256.0816	8.558	5.70929854e-11	-2.3842e-05	-4.57766e-05	5.0545e-05	-115.242
257.5692	8.562	5.711967059999999e-11	-3.62399e-05	-3.81472e-05	4.57766e-05	-129.054
259.0403	8.566	5.71463558e-11	-3.62399e-05	-6.67575e-06	3.71935e-05	-170.868
260.5487	8.57	5.7173041e-11	-0.000100136	-3.71935e-05	9.91826e-05	-159.816
262.0001	8.574	5.71997262e-11	-7.62944e-05	-1.14442e-05	8.10628e-05	-169.86
269.6586	8.578	5.7226411399999995e-11	-7.82018e-05	-2.0981e-05	7.62944e-05	-159.624
271.125	8.582	5.72530966e-11	-7.82018e-05	-3.24252e-05	8.10628e-05	-158.112
272.6053	8.586	5.72797818e-11	-5.53133e-05	-6.67575e-06	5.81744e-05	-172.956
274.3247	8.59	5.7306466999999997e-11	-7.1526e-05	3.81473e-06	7.43871e-05	172.44
275.7852	8.594	5.7333152199999995e-11	-3.81472e-05	-4.7684e-06	3.43325e-05	177.612
277.259	8.598	5.73598374e-11	-1.62126e-05	-1.81199e-05	2.28883e-05	-126.57
278.7452	8.602	5.73865226e-11	-6.2943e-05	-3.33788e-05	8.10628e-05	-159.648
280.2164	8.606	5.7413207799999996e-11	-2.28883e-05	-6.67575e-06	1.04905e-05	-105.948
281.9608	8.61	5.7439892999999994e-11	-5.14986e-05	-2.86104e-06	4.48229e-05	-178.314
283.419	8.614	5.7466578200000005e-11	-8.86922e-05	-4.19619e-05	8.96459e-05	-159.756
284.915	8.618	5.74932634e-11	-4.48229e-05	-3.05178e-05	4.76839e-05	-161.31
286.3589	8.622	5.7519948599999995e-11	-1.04905e-05	0.0	1.04905e-05	-176.82
287.8333	8.626	5.7546633799999993e-11	-2.9564e-05	-1.90736e-06	2.6703e-05	-174.288
289.2883	8.63	5.7573319000000004e-11	-6.48503e-05	-6.00817e-05	9.34605e-05	-142.266
290.7425	8.634	5.7600004199999996e-11	-5.72207e-05	2.86104e-06	5.9128e-05	179.376
292.4688	8.638	5.7626689399999994e-11	-5.24523e-05	-4.7684e-06	5.72207e-05	-176.886
293.9138	8.642	5.765337459999999e-11	-4.29156e-05	-2.76567e-05	5.0545e-05	-146.31
295.3824	8.646	5.7680059800000004e-11	-2.76567e-05	-2.0981e-05	3.24252e-05	-151.296
296.8478	8.65	5.7706745e-11	-9.53679e-05	-1.81199e-05	8.86922e-05	-163.464
298.3207	8.654	5.7733430199999994e-11	-8.77385e-05	-7.62945e-06	8.29701e-05	-177.654
300.0522	8.658	5.776011539999999e-11	-6.00817e-05	5.72208e-06	6.10356e-05	168.33
301.5045	8.662	5.77868006e-11	-4.38693e-05	-3.43325e-05	4.57766e-05	-130.788
302.9568	8.666	5.78134858e-11	-5.53133e-05	-3.91009e-05	6.8665e-05	-142.17
304.6773	8.67	5.7840171e-11	-4.19619e-05	-2.0981e-05	4.57766e-05	-152.322
306.1306	8.674	5.786685619999999e-11	-3.81472e-05	-3.71935e-05	5.53133e-05	-134.532
307.6184	8.678	5.78935414e-11	-6.48503e-05	-5.3406e-05	8.01091e-05	-142.548
309.0706	8.682	5.79202266e-11	-6.67577e-05	-3.62399e-05	8.48775e-05	-154.98
310.5256	8.686	5.79469118e-11	-4.38693e-05	-2.6703e-05	5.14986e-05	-153.756
312.26	8.69	5.7973596999999997e-11	-4.95913e-05	-5.6267e-05	7.43871e-05	-127.17
313.7269	8.694	5.80002822e-11	-4.7684e-06	-3.14715e-05	2.9564e-05	-88.602
315.2525	8.698	5.80269674e-11	-8.58312e-05	-2.3842e-05	9.53679e-05	-166.806
316.7168	8.702	5.80536526e-11	-5.43597e-05	-1.04905e-05	5.43597e-05	-166.128
318.2057	8.706	5.8080337799999996e-11	-4.57766e-05	-4.19619e-05	6.00817e-05	-135.936
319.6591	8.71	5.8107023e-11	-6.77113e-05	-2.9564e-05	7.34334e-05	-161.568
321.1705	8.714	5.81337082e-11	-6.96187e-05	-1.81199e-05	7.05724e-05	-170.802
322.8954	8.718	5.81603934e-11	-6.00817e-05	-2.86104e-06	5.53133e-05	179.298
324.3789	8.722	5.8187078599999995e-11	-7.05724e-05	-4.7684e-06	6.5804e-05	-177.666
325.8566	8.726	5.82137638e-11	-7.43871e-05	-2.76567e-05	7.91554e-05	-163.074
327.3367	8.73	5.8240449e-11	-4.67303e-05	-2.6703e-05	5.14986e-05	-146.706
328.7918	8.734	5.82671342e-11	-7.82018e-05	-4.19619e-05	8.67848e-05	-155.814
330.526	8.738	5.829381939999999e-11	-2.57493e-05	-6.00817e-05	6.10356e-05	-117.726
331.9953	8.742	5.83205046e-11	-7.1526e-05	-4.29156e-05	7.53407e-05	-146.166
333.4516	8.746	5.83471898e-11	-5.6267e-05	0.0	5.24523e-05	175.602
335.1578	8.75	5.8373875e-11	-4.86376e-05	-3.81472e-05	6.2943e-05	-139.524
336.6323	8.754	5.84005602e-11	-4.00546e-05	-3.81473e-06	4.38693e-05	-172.2
338.1104	8.758	5.842724539999999e-11	-8.58312e-05	-3.14715e-05	9.25069e-05	-157.818
339.593	8.762	5.84539306e-11	-7.34334e-05	-2.6703e-05	7.62944e-05	-158.856
341.0638	8.766	5.84806158e-11	-6.77113e-05	-1.04905e-05	6.8665e-05	-166.23
342.8108	8.77	5.8507301e-11	-7.53407e-05	-3.14715e-05	9.53679e-05	-160.584
344.2959	8.774	5.853398619999998e-11	-5.24523e-05	-3.14715e-05	6.5804e-05	-154.23
345.7637	8.778	5.85606714e-11	-5.53133e-05	1.90736e-06	5.24523e-05	168.834
347.2513	8.782	5.85873566e-11	-7.82018e-05	-5.14986e-05	9.53679e-05	-148.83
348.7459	8.786	5.861404179999999e-11	-0.000105858	-2.3842e-05	0.000105858	-169.2
350.2445	8.79	5.864072699999999e-11	-9.91826e-05	-4.00546e-05	0.000114441	-152.868
351.7185	8.794	5.86674122e-11	-8.67848e-05	-1.14442e-05	8.39238e-05	-177.186
353.4451	8.798	5.86940974e-11	-5.6267e-05	-1.14442e-05	5.53133e-05	-160.254
354.937	8.802	5.87207826e-11	-0.00011158	-4.95913e-05	0.000116349	-156.666
356.3849	8.806	5.87474678e-11	-9.72752e-05	-1.81199e-05	9.44142e-05	-167.34
357.8773	8.81	5.8774153e-11	-1.62126e-05	-1.33515e-05	2.57493e-05	-161.148
359.3775	8.814	5.880083819999999e-11	-0.000110627	-5.6267e-05	0.000114441	-148.368
361.0897	8.818	5.882752339999999e-11	-4.19619e-05	-9.5368e-06	4.19619e-05	-179.106
362.5596	8.822	5.885420859999999e-11	-6.19893e-05	-6.00817e-05	8.39238e-05	-134.67
364.0485	8.826	5.88808938e-11	-8.96459e-05	-3.81473e-06	7.24797e-05	-172.59
365.7671	8.83	5.8907579e-11	-3.71935e-05	-5.24523e-05	6.19893e-05	-122.136
367.239	8.834	5.89342642e-11	-3.81473e-06	-2.19346e-05	1.90736e-05	-102.096
368.7415	8.838	5.89609494e-11	-3.81473e-06	-3.81472e-05	3.71935e-05	-106.392
370.2262	8.842	5.89876346e-11	-6.67575e-06	-6.48503e-05	5.9128e-05	-100.122
371.702	8.846	5.901431979999999e-11	-4.48229e-05	2.86104e-06	4.38693e-05	177.474
373.4388	8.85	5.904100499999999e-11	-2.9564e-05	-2.19346e-05	3.24252e-05	-146.634
374.9142	8.854	5.906769019999999e-11	-3.14715e-05	-7.53407e-05	7.72481e-05	-112.704
376.3967	8.858	5.90943754e-11	-2.86104e-06	-1.33515e-05	1.04905e-05	-48.012
377.888	8.862	5.91210606e-11	-2.76567e-05	3.81473e-06	3.52862e-05	175.158
379.3629	8.866	5.91477458e-11	9.5368e-06	-1.23978e-05	1.52589e-05	-73.74
380.8461	8.87	5.917443099999999e-11	3.62399e-05	2.86104e-06	4.19619e-05	19.914
382.3342	8.874	5.92011162e-11	6.19893e-05	5.72208e-06	6.10356e-05	1.908
384.0475	8.878	5.92278014e-11	4.10082e-05	4.86376e-05	6.38966e-05	45.0
385.5166	8.882	5.92544866e-11	0.000118256	2.3842e-05	0.000121117	12.9
387.0024	8.886	5.928117179999999e-11	8.77385e-05	5.72208e-06	8.58312e-05	4.992
388.4798	8.89	5.9307857e-11	9.44142e-05	3.52862e-05	0.000103951	21.216
389.9503	8.894	5.93345422e-11	0.000153542	3.52862e-05	0.000143052	17.142
391.6921	8.898	5.93612274e-11	0.000129701	2.57493e-05	0.000125886	9.972
393.1651	8.902	5.938791259999999e-11	0.000192643	2.6703e-05	0.00019455	7.152
394.6355	8.906	5.94145978e-11	0.000139237	7.1526e-05	0.000167848	25.02
396.1197	8.91	5.9441283e-11	0.000190736	2.19346e-05	0.000185014	8.73
397.5809	8.914	5.94679682e-11	0.000177384	7.24797e-05	0.000189782	21.54
399.0478	8.918	5.94946534e-11	0.000193597	6.5804e-05	0.000205041	17.268
400.5189	8.922	5.95213386e-11	0.000152589	6.38966e-05	0.00016594	23.772
401.9977	8.926	5.95480238e-11	0.000129701	7.53407e-05	0.000154496	32.604
403.4817	8.93	5.957470899999999e-11	9.82289e-05	0.000112534	0.000152589	44.646
404.9689	8.934	5.960139419999999e-11	3.24252e-05	7.53407e-05	7.72481e-05	69.192
406.4413	8.938	5.96280794e-11	-3.33788e-05	8.58312e-05	8.86922e-05	109.416
407.9401	8.942	5.96547646e-11	-6.2943e-05	5.72207e-05	7.34334e-05	123.246
409.4006	8.946	5.96814498e-11	-5.6267e-05	7.53407e-05	9.15532e-05	125.442
410.8685	8.95	5.9708135e-11	-0.000105858	3.52862e-05	0.00011921	161.766
412.3228	8.954	5.973482020000001e-11	-0.000106812	1.52589e-05	0.000107766	170.076
414.0396	8.958	5.976150539999999e-11	-0.000151635	2.9564e-05	0.000149728	168.942
415.5295	8.962	5.978819059999999e-11	-0.000162126	6.67575e-06	0.000164987	175.446
416.9833	8.966	5.981487579999999e-11	-0.000146867	-2.47956e-05	0.000151635	-172.188
418.4347	8.97	5.9841561e-11	-0.000168801	-2.28883e-05	0.000169755	-172.122
419.9042	8.974	5.98682462e-11	-0.00014782	-4.86376e-05	0.00015545	-162.486
421.6335	8.978	5.98949314e-11	-0.000183106	-6.00817e-05	0.000190736	-162.528
423.1061	8.982	5.99216166e-11	-0.000102997	-6.96187e-05	0.00012684	-147.3
424.5594	8.986	5.99483018e-11	-0.000151635	-9.82289e-05	0.000181199	-147.882
426.2874	8.99	5.9974987e-11	-9.25069e-05	-7.24797e-05	0.000114441	-138.258
427.7735	8.994	6.000167219999999e-11	-0.00011921	-9.63216e-05	0.000144006	-135.948
429.2698	8.998	6.002835739999999e-11	-9.25069e-05	-7.1526e-05	0.00011921	-141.342
430.737	9.002	6.00550426e-11	-0.000108719	-7.1526e-05	0.000121117	-142.998
432.209	9.006	6.00817278e-11	-5.6267e-05	-4.19619e-05	7.24797e-05	-146.85
433.9571	9.01	6.0108413e-11	-9.91826e-05	-6.00817e-05	0.000109673	-147.306
435.4048	9.014	6.013509819999999e-11	-8.39238e-05	-2.9564e-05	8.67848e-05	-152.466
436.8624	9.018	6.01617834e-11	-0.000110627	-5.6267e-05	0.00011921	-153.438
438.3371	9.022	6.01884686e-11	-6.67577e-05	-6.48503e-05	8.96459e-05	-131.988
439.8087	9.026	6.02151538e-11	-6.2943e-05	-5.14986e-05	7.72481e-05	-139.614
441.2821	9.03	6.0241839e-11	-6.19893e-05	-4.00546e-05	6.77113e-05	-140.712
442.7298	9.034	6.02685242e-11	-6.67577e-05	-1.90736e-05	7.05724e-05	-167.76
444.2072	9.038	6.02952094e-11	-8.86922e-05	-4.86376e-05	9.44142e-05	-149.034
445.6812	9.042	6.032189459999999e-11	-2.0981e-05	-1.62126e-05	2.76567e-05	-135.882
447.1482	9.046	6.034857979999999e-11	-2.9564e-05	-1.14442e-05	2.76567e-05	-172.878
448.6324	9.05	6.0375265e-11	-7.1526e-05	-4.7684e-06	6.5804e-05	-170.436
450.1081	9.054	6.04019502e-11	-7.62944e-05	-2.9564e-05	7.91554e-05	-161.412
451.8311	9.058	6.04286354e-11	-3.71935e-05	-3.62399e-05	4.95913e-05	-125.538
453.319	9.062	6.04553206e-11	-7.72481e-05	-4.7684e-06	6.5804e-05	-177.588
454.8061	9.066	6.04820058e-11	-4.57766e-05	-4.48229e-05	5.3406e-05	-136.638
456.3153	9.07	6.0508691e-11	-0.000100136	-3.62399e-05	0.000102044	-155.592
457.7986	9.074	6.053537619999999e-11	-5.81744e-05	-3.05178e-05	6.77113e-05	-155.184
459.5287	9.078	6.056206139999999e-11	-7.1526e-05	4.7684e-06	7.43871e-05	171.798
460.9856	9.082	6.05887466e-11	-8.01091e-05	-4.48229e-05	8.77385e-05	-151.668
462.4521	9.086	6.06154318e-11	-2.0981e-05	-7.62945e-06	2.57493e-05	-168.18
464.1834	9.09	6.0642117e-11	-8.29701e-05	-1.33515e-05	8.10628e-05	-174.336
465.6358	9.094	6.06688022e-11	-7.82018e-05	-3.52862e-05	8.29701e-05	-159.774
467.1262	9.098	6.069548740000001e-11	-8.77385e-05	-1.43052e-05	9.72752e-05	-167.43
468.5651	9.102	6.07221726e-11	-6.5804e-05	-2.00273e-05	6.77113e-05	-160.866
470.0222	9.106	6.074885779999999e-11	-7.1526e-05	0.0	6.77113e-05	178.866
471.733	9.11	6.077554299999999e-11	-2.3842e-05	-5.72208e-06	2.19346e-05	178.362
473.1865	9.114	6.08022282e-11	-4.00546e-05	-4.48229e-05	6.5804e-05	-138.918
474.6568	9.118	6.08289134e-11	-4.10082e-05	-3.81472e-05	6.2943e-05	-142.224
476.144	9.122	6.08555986e-11	3.81473e-06	-2.86103e-05	2.86103e-05	-65.772
477.6237	9.126	6.08822838e-11	-4.7684e-06	-2.86104e-06	6.67575e-06	-135.0
479.0945	9.13	6.0908969e-11	-6.48503e-05	-1.43052e-05	6.48503e-05	-171.12
480.5611	9.134	6.09356542e-11	-5.9128e-05	2.76567e-05	5.6267e-05	148.644
482.2789	9.138	6.09623394e-11	-8.67848e-05	-2.6703e-05	9.25069e-05	-161.7
483.7298	9.142	6.098902459999999e-11	-7.53407e-05	-3.81472e-05	8.77385e-05	-158.592
485.1879	9.146	6.10157098e-11	-4.57766e-05	-2.0981e-05	4.29156e-05	-153.018
486.6698	9.15	6.1042395e-11	-4.67303e-05	-1.04905e-05	4.10082e-05	-165.498
488.1506	9.154	6.10690802e-11	-4.48229e-05	-4.67303e-05	7.05724e-05	-141.102
489.8933	9.158	6.109576539999999e-11	-8.67848e-05	-2.47956e-05	8.58312e-05	-164.172
491.356	9.162	6.11224506e-11	-5.6267e-05	-4.67303e-05	6.67577e-05	-139.968
492.8364	9.166	6.11491358e-11	-4.38693e-05	-3.52862e-05	5.14986e-05	-149.532
494.5774	9.17	6.1175821e-11	-9.72752e-05	-9.5368e-06	9.63216e-05	-166.152
496.0443	9.174	6.12025062e-11	-9.82289e-05	-4.57766e-05	0.000112534	-156.138
497.5222	9.178	6.12291914e-11	-7.43871e-05	-3.91009e-05	7.91554e-05	-154.77
498.9705	9.182	6.12558766e-11	-6.48503e-05	-3.91009e-05	7.91554e-05	-150.948
500.4442	9.186	6.128256179999999e-11	-9.44142e-05	-2.6703e-05	0.00010109	-156.306
501.9205	9.19	6.130924699999999e-11	-8.20165e-05	-2.76567e-05	8.29701e-05	-160.842
503.4099	9.194	6.13359322e-11	-6.2943e-05	-4.57766e-05	7.34334e-05	-141.84
504.8801	9.198	6.13626174e-11	-8.29701e-05	-4.57766e-05	9.25069e-05	-146.196
506.6042	9.202	6.13893026e-11	-7.34334e-05	-1.04905e-05	6.96187e-05	-161.376
508.0898	9.206	6.14159878e-11	-6.10356e-05	-4.48229e-05	7.72481e-05	-143.226
509.5685	9.21	6.144267300000001e-11	7.62945e-06	-2.76567e-05	2.57493e-05	-78.024
511.0499	9.214	6.146935819999999e-11	-3.52862e-05	-2.57493e-05	3.91009e-05	-138.096
512.7988	9.218	6.149604339999999e-11	-8.01091e-05	-3.24252e-05	8.48775e-05	-153.846
514.2715	9.222	6.152272859999999e-11	-2.47956e-05	-2.9564e-05	4.00546e-05	-137.664
515.7411	9.226	6.15494138e-11	-5.72207e-05	-2.9564e-05	6.19893e-05	-153.438
517.2102	9.23	6.1576099e-11	-4.95913e-05	-5.43597e-05	7.62944e-05	-130.548
518.702	9.234	6.16027842e-11	-2.9564e-05	-1.04905e-05	3.91009e-05	175.464