Time (s) 	 Position (mm) 	 Delay (s) 	 X 	 Y 	 R 	 theta 
#Without Preamplifier,searching for the GaP signal, ZnTe detector angle 40deg, Chopper 230Hz, time constant=0.1s 24dB, waiting time= 1.0s, sensitivity=20mV
2.1772	7.9	5.270327e-11	0.0	-1.52589e-05	1.43052e-05	-110.226
3.7676	7.904	5.2729955199999995e-11	-9.5368e-06	3.05178e-05	3.24252e-05	99.27
5.5844	7.908	5.27566404e-11	-3.81473e-06	-1.33515e-05	1.52589e-05	-118.44
7.1369	7.912	5.27833256e-11	1.90736e-05	1.90736e-06	2.00273e-05	16.188
8.7054	7.916	5.28100108e-11	-7.62945e-06	-9.53682e-07	5.72208e-06	180.0
10.2782	7.92	5.2836695999999994e-11	-2.86104e-06	1.71663e-05	2.00273e-05	114.144
11.8582	7.924	5.28633812e-11	-1.43052e-05	-1.71663e-05	2.19346e-05	-140.442
13.4374	7.928	5.28900664e-11	8.58313e-06	-6.67575e-06	3.81473e-06	70.02
15.0047	7.932	5.29167516e-11	-2.47956e-05	1.71663e-05	2.86103e-05	141.114
16.5731	7.936	5.2943436799999994e-11	1.90736e-06	2.57493e-05	2.57493e-05	94.638
18.1585	7.94	5.2970122e-11	-3.81472e-05	2.00273e-05	4.38693e-05	150.462
19.7265	7.944	5.2996807199999997e-11	0.0	9.53682e-07	2.86104e-06	95.712
21.2999	7.948	5.30234924e-11	-1.33515e-05	1.52589e-05	1.71663e-05	131.424
22.8588	7.952	5.30501776e-11	-2.57493e-05	-1.81199e-05	2.86103e-05	-155.898
24.4354	7.956	5.30768628e-11	6.67575e-06	-3.91009e-05	3.91009e-05	-85.236
25.9817	7.96	5.3103547999999996e-11	2.3842e-05	1.52589e-05	3.05178e-05	22.038
27.5456	7.964	5.31302332e-11	-7.62945e-06	3.14715e-05	2.9564e-05	96.63
29.1059	7.968	5.31569184e-11	1.52589e-05	2.86103e-05	2.9564e-05	88.728
30.6716	7.972	5.31836036e-11	-8.58313e-06	1.52589e-05	1.71663e-05	123.69
32.2212	7.976	5.3210288799999995e-11	1.23978e-05	-6.67575e-06	1.62126e-05	-39.558
34.0239	7.98	5.3236974e-11	1.90736e-05	-1.33515e-05	2.28883e-05	-25.824
35.5991	7.984	5.32636592e-11	1.62126e-05	1.90736e-06	9.5368e-06	63.438
37.3985	7.988	5.32903444e-11	4.57766e-05	1.71663e-05	4.76839e-05	19.488
39.0046	7.992	5.3317029599999994e-11	1.71663e-05	8.58313e-06	1.62126e-05	8.532
40.5852	7.996	5.33437148e-11	-8.58313e-06	3.52862e-05	3.71935e-05	105.252
42.1386	8.0	5.33704e-11	5.53133e-05	1.90736e-06	5.43597e-05	6.342
43.6856	8.004	5.3397085199999995e-11	-9.53682e-07	1.52589e-05	1.62126e-05	78.69
45.236	8.008	5.3423770399999994e-11	-4.7684e-06	6.67575e-06	9.5368e-06	115.02
46.8284	8.012	5.34504556e-11	9.5368e-06	1.71663e-05	2.19346e-05	36.528
48.395	8.016	5.3477140799999996e-11	2.28883e-05	-2.86104e-06	3.05178e-05	1.17
49.9772	8.02	5.3503825999999995e-11	9.5368e-06	-2.86104e-06	1.90736e-05	-28.74
51.5149	8.024	5.353051119999999e-11	0.0	-2.28883e-05	2.28883e-05	-75.582
53.081	8.028	5.35571964e-11	1.90736e-05	5.72208e-06	2.3842e-05	21.252
54.8877	8.032	5.3583881599999996e-11	-3.05178e-05	-3.81473e-06	2.76567e-05	-169.824
56.4358	8.036	5.3610566799999994e-11	1.23978e-05	-1.71663e-05	2.00273e-05	-50.442
57.9865	8.04	5.363725199999999e-11	1.04905e-05	2.57493e-05	2.6703e-05	62.742
59.5436	8.044	5.3663937200000003e-11	-2.6703e-05	1.62126e-05	3.05178e-05	148.392
61.3447	8.048	5.3690622399999995e-11	-1.90736e-05	-9.5368e-06	1.43052e-05	-126.87
62.9198	8.052	5.371730759999999e-11	-9.53682e-07	2.6703e-05	2.76567e-05	85.914
64.4629	8.056	5.374399279999999e-11	1.04905e-05	-2.19346e-05	2.19346e-05	-83.292
66.0394	8.06	5.3770678e-11	4.86376e-05	2.00273e-05	5.9128e-05	19.026
67.587	8.064	5.37973632e-11	1.71663e-05	2.19346e-05	2.19346e-05	60.948
69.4084	8.068	5.382404839999999e-11	-2.86103e-05	9.5368e-06	3.05178e-05	153.972
70.9594	8.072	5.385073359999999e-11	1.71663e-05	-2.47956e-05	3.05178e-05	-65.556
72.5315	8.076	5.38774188e-11	1.23978e-05	1.52589e-05	2.28883e-05	43.878
74.3409	8.08	5.3904104e-11	-1.14442e-05	1.23978e-05	1.71663e-05	135.0
75.9104	8.084	5.393078919999999e-11	1.90736e-05	5.72208e-06	1.81199e-05	15.642
77.4766	8.088	5.395747439999999e-11	1.71663e-05	3.81473e-06	2.00273e-05	8.88
79.0388	8.092	5.39841596e-11	2.86103e-05	2.28883e-05	3.71935e-05	26.094
80.5957	8.096	5.40108448e-11	4.10082e-05	-1.43052e-05	3.52862e-05	-18.432
82.1757	8.1	5.403753e-11	1.90736e-05	1.23978e-05	1.90736e-05	12.264
83.7439	8.104	5.406421519999999e-11	3.05178e-05	-4.67303e-05	5.43597e-05	-52.434
85.3315	8.108	5.40909004e-11	9.5368e-06	1.04905e-05	8.58313e-06	74.748
87.1354	8.112	5.41175856e-11	0.0	1.90736e-06	3.81473e-06	116.562
88.7019	8.116	5.4144270799999997e-11	1.52589e-05	1.14442e-05	2.0981e-05	28.074
90.2714	8.12	5.4170955999999995e-11	2.3842e-05	-6.67575e-06	3.14715e-05	1.17
91.8403	8.124	5.41976412e-11	-1.14442e-05	5.72208e-06	1.43052e-05	148.242
93.6461	8.128	5.42243264e-11	0.0	4.19619e-05	4.19619e-05	80.394
95.2173	8.132	5.4251011599999996e-11	-1.62126e-05	3.52862e-05	4.19619e-05	121.548
96.7808	8.136	5.4277696799999994e-11	-8.58313e-06	6.67575e-06	9.5368e-06	109.656
98.3332	8.14	5.4304382e-11	-9.53682e-07	2.47956e-05	2.57493e-05	83.046
99.8829	8.144	5.43310672e-11	-5.72208e-06	2.9564e-05	3.05178e-05	86.346
101.6937	8.148	5.4357752399999995e-11	1.14442e-05	1.23978e-05	2.19346e-05	38.418
103.2398	8.152	5.4384437599999993e-11	2.86104e-06	-1.43052e-05	1.52589e-05	-62.358
104.8273	8.156	5.44111228e-11	3.14715e-05	-2.86104e-06	3.33788e-05	-3.366
106.6331	8.16	5.4437807999999996e-11	-1.43052e-05	2.28883e-05	2.57493e-05	114.678
108.1969	8.164	5.4464493199999994e-11	9.53682e-07	-3.05178e-05	3.05178e-05	-81.528
109.7643	8.168	5.449117839999999e-11	-1.14442e-05	2.76567e-05	2.76567e-05	105.018
111.3687	8.172	5.4517863600000004e-11	-1.52589e-05	-1.62126e-05	2.00273e-05	-141.954
112.9172	8.176	5.4544548799999996e-11	-3.81473e-06	-2.00273e-05	1.71663e-05	-96.84
114.4664	8.18	5.4571233999999994e-11	-1.62126e-05	8.58313e-06	1.90736e-05	152.652
116.0249	8.184	5.459791919999999e-11	1.23978e-05	1.23978e-05	1.43052e-05	58.572
117.5718	8.188	5.46246044e-11	4.7684e-06	1.52589e-05	1.52589e-05	116.562
119.3823	8.192	5.46512896e-11	-9.5368e-06	4.7684e-06	1.33515e-05	145.62
120.9478	8.196	5.467797479999999e-11	1.71663e-05	3.05178e-05	3.62399e-05	48.816
122.5181	8.2	5.470465999999999e-11	3.05178e-05	0.0	3.24252e-05	6.582
124.0859	8.204	5.47313452e-11	3.52862e-05	1.52589e-05	3.43325e-05	30.528
125.8933	8.208	5.47580304e-11	1.62126e-05	-1.81199e-05	2.3842e-05	-48.366
127.4616	8.212	5.478471559999999e-11	-3.62399e-05	2.86104e-06	3.24252e-05	171.528
129.0154	8.216	5.481140079999999e-11	5.72208e-06	1.90736e-05	1.81199e-05	56.31
130.5599	8.22	5.4838086e-11	-2.3842e-05	1.33515e-05	2.86103e-05	150.42
132.113	8.224	5.48647712e-11	-2.28883e-05	-2.86104e-06	2.76567e-05	-165.648
133.6835	8.228	5.48914564e-11	-3.81473e-06	-1.14442e-05	1.23978e-05	-139.398
135.268	8.232	5.491814159999999e-11	1.14442e-05	1.71663e-05	1.90736e-05	66.252
136.838	8.236	5.49448268e-11	1.23978e-05	1.71663e-05	1.90736e-05	45.0
138.6444	8.24	5.4971512e-11	8.58313e-06	3.81473e-06	1.23978e-05	37.404
140.2077	8.244	5.49981972e-11	-5.72208e-06	5.43597e-05	5.53133e-05	89.328
141.7584	8.248	5.5024882399999995e-11	-2.6703e-05	-2.47956e-05	3.24252e-05	-129.804
143.3234	8.252	5.50515676e-11	-1.14442e-05	-1.52589e-05	1.71663e-05	-121.326
144.878	8.256	5.50782528e-11	8.58313e-06	-2.6703e-05	2.57493e-05	-79.824
146.4472	8.26	5.5104937999999996e-11	-2.47956e-05	5.72208e-06	2.3842e-05	168.69
148.0277	8.264	5.5131623199999995e-11	5.72208e-06	-1.90736e-06	9.5368e-06	-40.914
149.6112	8.268	5.51583084e-11	1.23978e-05	9.5368e-06	8.58313e-06	66.798
151.4166	8.272	5.51849936e-11	1.71663e-05	-1.81199e-05	2.28883e-05	-49.764
152.9701	8.276	5.5211678799999996e-11	1.33515e-05	-9.53682e-07	1.33515e-05	-18.432
154.5239	8.28	5.5238363999999994e-11	-1.04905e-05	4.38693e-05	4.48229e-05	104.658
156.0884	8.284	5.52650492e-11	-1.33515e-05	2.86104e-06	1.23978e-05	137.118
157.9165	8.288	5.52917344e-11	2.19346e-05	-4.10082e-05	4.38693e-05	-63.036
159.4659	8.292	5.5318419599999995e-11	-1.62126e-05	2.00273e-05	2.57493e-05	128.886
161.035	8.296	5.534510479999999e-11	1.62126e-05	-1.23978e-05	1.71663e-05	-31.758
162.6141	8.3	5.5371790000000004e-11	-4.7684e-06	-2.28883e-05	2.3842e-05	-107.448
164.183	8.304	5.5398475199999996e-11	2.47956e-05	2.19346e-05	3.52862e-05	43.494
165.9954	8.308	5.5425160399999994e-11	4.00546e-05	-1.43052e-05	4.19619e-05	-26.148
167.5644	8.312	5.545184559999999e-11	-1.81199e-05	-1.90736e-06	1.52589e-05	171.87
169.1123	8.316	5.5478530800000004e-11	-1.23978e-05	-1.62126e-05	2.00273e-05	-127.236
170.6673	8.32	5.5505216e-11	2.86103e-05	2.00273e-05	3.52862e-05	31.89
172.248	8.324	5.5531901199999994e-11	-1.04905e-05	-6.67575e-06	1.71663e-05	-145.41
174.0533	8.328	5.555858639999999e-11	-1.14442e-05	2.57493e-05	3.24252e-05	125.79
175.6269	8.332	5.55852716e-11	-1.14442e-05	-1.62126e-05	1.71663e-05	-144.462
177.1743	8.336	5.56119568e-11	-1.33515e-05	2.00273e-05	2.28883e-05	104.418
178.9824	8.34	5.5638642e-11	-2.9564e-05	-4.7684e-06	2.86103e-05	-170.754
180.5512	8.344	5.566532719999999e-11	-1.43052e-05	-4.7684e-06	8.58313e-06	-168.69
182.1	8.348	5.56920124e-11	-1.23978e-05	-2.0981e-05	2.3842e-05	-135.0
183.6532	8.352	5.57186976e-11	-9.53682e-07	1.33515e-05	1.23978e-05	93.012
185.24	8.356	5.57453828e-11	-4.7684e-06	4.57766e-05	4.57766e-05	80.814
187.0573	8.36	5.577206799999999e-11	-9.5368e-06	1.23978e-05	1.04905e-05	99.462
188.6564	8.364	5.57987532e-11	2.86104e-06	-6.67575e-06	6.67575e-06	-61.698
190.2291	8.368	5.58254384e-11	-1.14442e-05	-2.9564e-05	3.24252e-05	-109.134
191.8314	8.372	5.58521236e-11	-1.52589e-05	8.58313e-06	1.71663e-05	148.674
193.3741	8.376	5.5878808799999996e-11	-5.72208e-06	-2.00273e-05	2.0981e-05	-95.196
194.9511	8.38	5.5905494e-11	-2.6703e-05	-7.62945e-06	2.19346e-05	-178.152
196.4979	8.384	5.59321792e-11	-1.71663e-05	-5.72208e-06	1.52589e-05	-161.568
198.3403	8.388	5.59588644e-11	-2.0981e-05	-6.67575e-06	1.90736e-05	-154.29
199.9041	8.392	5.5985549599999995e-11	-1.62126e-05	1.33515e-05	2.19346e-05	136.218
201.4682	8.396	5.60122348e-11	1.90736e-06	1.04905e-05	1.04905e-05	101.31
203.0449	8.4	5.603892e-11	-2.0981e-05	-2.47956e-05	3.43325e-05	-138.816
204.6118	8.404	5.6065605199999996e-11	1.90736e-06	-4.86376e-05	4.86376e-05	-89.238
206.4286	8.408	5.6092290399999994e-11	-1.33515e-05	8.58313e-06	1.23978e-05	155.556
207.9949	8.412	5.6118975600000006e-11	6.67575e-06	1.62126e-05	1.62126e-05	90.0
209.5523	8.416	5.61456608e-11	-2.86104e-06	1.14442e-05	1.04905e-05	72.648
211.3571	8.42	5.6172345999999996e-11	-4.7684e-06	1.90736e-06	3.81473e-06	90.0
212.9292	8.424	5.6199031199999994e-11	8.58313e-06	1.52589e-05	1.71663e-05	72.9
214.4939	8.428	5.6225716400000005e-11	-9.53682e-07	1.04905e-05	1.23978e-05	92.724
216.0482	8.432	5.6252401599999997e-11	0.0	1.33515e-05	1.23978e-05	75.258
217.6295	8.436	5.6279086799999995e-11	3.52862e-05	-5.72208e-06	3.71935e-05	-12.528
219.1754	8.44	5.630577199999999e-11	-4.67303e-05	2.3842e-05	5.24523e-05	149.64
220.7307	8.444	5.6332457200000004e-11	4.00546e-05	2.19346e-05	4.57766e-05	28.41
222.3191	8.448	5.63591424e-11	1.81199e-05	-2.6703e-05	3.52862e-05	-53.748
223.8809	8.452	5.6385827599999994e-11	-9.53682e-07	2.00273e-05	2.0981e-05	81.384
225.4334	8.456	5.641251279999999e-11	3.81473e-06	1.33515e-05	1.33515e-05	57.096
226.9983	8.46	5.6439198000000003e-11	-2.86104e-06	1.62126e-05	1.33515e-05	77.904
228.5686	8.464	5.64658832e-11	8.58313e-06	-3.33788e-05	3.71935e-05	-69.774
230.3946	8.468	5.64925684e-11	1.90736e-06	1.71663e-05	2.00273e-05	63.438
231.9571	8.472	5.651925359999999e-11	1.04905e-05	1.90736e-05	1.81199e-05	85.428
233.5416	8.476	5.65459388e-11	1.23978e-05	-9.53682e-07	7.62945e-06	-65.556
235.1094	8.48	5.6572624e-11	-2.86104e-06	3.43325e-05	3.52862e-05	100.686
236.6759	8.484	5.65993092e-11	-7.62945e-06	2.00273e-05	1.81199e-05	111.372
238.5063	8.488	5.66259944e-11	-5.3406e-05	3.81473e-06	5.72207e-05	-178.05
240.07	8.492	5.66526796e-11	1.33515e-05	5.72208e-06	1.33515e-05	3.012
241.6246	8.496	5.66793648e-11	2.0981e-05	3.33788e-05	4.10082e-05	64.614
243.4439	8.5	5.670605e-11	-2.9564e-05	5.72208e-06	2.9564e-05	164.982
245.0093	8.504	5.6732735199999996e-11	-1.71663e-05	-2.86104e-06	2.57493e-05	174.558
246.5983	8.508	5.675942039999999e-11	-6.67575e-06	2.86104e-06	6.67575e-06	-165.966
248.1795	8.512	5.67861056e-11	-1.43052e-05	2.28883e-05	2.76567e-05	116.562
249.7508	8.516	5.68127908e-11	-1.04905e-05	-2.86104e-06	8.58313e-06	155.556
251.6025	8.52	5.6839475999999996e-11	6.67575e-06	4.7684e-06	8.58313e-06	75.066
253.1562	8.524	5.6866161199999994e-11	0.0	-2.47956e-05	2.28883e-05	-84.642
254.7378	8.528	5.68928464e-11	-9.5368e-06	5.72208e-06	1.04905e-05	119.358
256.3188	8.532	5.69195316e-11	5.72208e-06	1.90736e-05	2.19346e-05	62.022
257.8945	8.536	5.6946216799999995e-11	-2.9564e-05	3.33788e-05	4.19619e-05	122.904
259.4784	8.54	5.697290199999999e-11	2.9564e-05	1.71663e-05	3.43325e-05	24.078
261.0607	8.544	5.69995872e-11	3.81473e-06	-4.7684e-06	2.86104e-06	-101.31
262.8786	8.548	5.7026272399999996e-11	-1.52589e-05	-9.53682e-07	2.28883e-05	-177.066
264.4303	8.552	5.7052957599999994e-11	8.58313e-06	-9.53682e-07	9.5368e-06	11.31
265.9886	8.556	5.707964279999999e-11	-4.86376e-05	2.00273e-05	5.6267e-05	153.726
267.5688	8.56	5.7106328000000004e-11	6.67575e-06	5.72208e-06	8.58313e-06	45.0
269.1193	8.564	5.7133013199999995e-11	2.0981e-05	0.0	2.19346e-05	8.616
270.9427	8.568	5.7159698399999994e-11	-7.62945e-06	-5.72208e-06	1.43052e-05	-158.628
272.527	8.572	5.718638359999999e-11	1.52589e-05	-1.23978e-05	1.90736e-05	-45.0
274.0908	8.576	5.72130688e-11	-4.38693e-05	1.14442e-05	4.76839e-05	166.35
275.9305	8.58	5.7239753999999995e-11	-1.62126e-05	-2.47956e-05	2.86103e-05	-124.44
277.4997	8.584	5.726643919999999e-11	1.04905e-05	5.72208e-06	8.58313e-06	52.122
279.0853	8.588	5.729312439999999e-11	1.33515e-05	3.81473e-06	1.14442e-05	38.16
280.6572	8.592	5.73198096e-11	2.86104e-06	-1.14442e-05	1.04905e-05	-79.992
282.2401	8.596	5.73464948e-11	-8.58313e-06	-2.28883e-05	2.28883e-05	-82.692
284.0922	8.6	5.737317999999999e-11	-2.19346e-05	2.19346e-05	3.33788e-05	140.334
285.6596	8.604	5.739986519999999e-11	-7.62945e-06	7.62945e-06	1.04905e-05	115.02
287.2249	8.608	5.74265504e-11	-1.14442e-05	1.62126e-05	2.0981e-05	123.69
288.7934	8.612	5.74532356e-11	1.71663e-05	-2.28883e-05	2.47956e-05	-62.7
290.3409	8.616	5.74799208e-11	-3.81473e-06	5.72208e-06	5.72208e-06	150.948
291.9114	8.62	5.750660599999999e-11	-9.5368e-06	-2.47956e-05	2.57493e-05	-112.62
293.4656	8.624	5.75332912e-11	-2.0981e-05	-4.7684e-06	1.90736e-05	-158.55
295.0513	8.628	5.75599764e-11	-2.86103e-05	-3.62399e-05	4.57766e-05	-128.532
296.8524	8.632	5.75866616e-11	-3.62399e-05	5.72208e-06	3.33788e-05	169.38
298.4082	8.636	5.761334679999999e-11	-2.86104e-06	3.52862e-05	3.62399e-05	85.986
299.9724	8.64	5.7640032e-11	7.62945e-06	2.3842e-05	2.76567e-05	65.136
301.5396	8.644	5.76667172e-11	-9.53682e-07	-3.81473e-06	4.7684e-06	-54.462
303.3711	8.648	5.7693402399999996e-11	-9.53682e-07	-1.81199e-05	1.52589e-05	-108.432
304.9336	8.652	5.7720087599999994e-11	-2.3842e-05	-1.81199e-05	3.24252e-05	-147.876
306.4888	8.656	5.77467728e-11	3.81473e-06	1.52589e-05	1.62126e-05	82.878
308.0524	8.66	5.7773458e-11	2.86103e-05	3.24252e-05	4.19619e-05	55.08
309.6251	8.664	5.7800143199999996e-11	5.72208e-06	5.72208e-06	1.14442e-05	21.252
311.1862	8.668	5.7826828399999994e-11	1.33515e-05	-2.0981e-05	2.3842e-05	-56.724
312.7744	8.672	5.78535136e-11	5.72208e-06	2.0981e-05	2.3842e-05	85.488
314.357	8.676	5.7880198799999997e-11	-6.00817e-05	1.90736e-06	4.76839e-05	-177.438
316.1639	8.68	5.7906883999999995e-11	1.52589e-05	1.04905e-05	2.00273e-05	31.608
317.7357	8.684	5.793356919999999e-11	-1.81199e-05	1.81199e-05	2.57493e-05	137.046
319.2969	8.688	5.7960254400000004e-11	-2.0981e-05	-2.28883e-05	2.6703e-05	-124.116
320.8618	8.692	5.7986939599999996e-11	-1.71663e-05	-3.33788e-05	3.91009e-05	-127.794
322.4314	8.696	5.8013624799999994e-11	-2.9564e-05	1.04905e-05	2.57493e-05	149.304
323.9889	8.7	5.804030999999999e-11	6.67575e-06	8.58313e-06	1.33515e-05	54.162
325.5731	8.704	5.8066995200000003e-11	0.0	-3.81473e-06	8.58313e-06	-156.372
327.3942	8.708	5.8093680399999995e-11	-9.53682e-07	4.7684e-06	4.7684e-06	45.0
328.9573	8.712	5.8120365599999993e-11	2.00273e-05	-1.33515e-05	1.81199e-05	-45.0
330.5246	8.716	5.814705079999999e-11	-2.28883e-05	-2.86104e-06	2.6703e-05	-178.602
332.1236	8.72	5.8173736e-11	-2.6703e-05	9.5368e-06	3.33788e-05	163.662
333.6926	8.724	5.82004212e-11	-2.00273e-05	-2.28883e-05	2.9564e-05	-151.608
335.5041	8.728	5.82271064e-11	-2.6703e-05	9.5368e-06	2.57493e-05	167.124
337.1066	8.732	5.82537916e-11	-3.43325e-05	-3.33788e-05	4.48229e-05	-141.486
338.6675	8.736	5.82804768e-11	-5.81744e-05	-1.43052e-05	5.81744e-05	-159.522
340.4934	8.74	5.8307162e-11	-3.33788e-05	-1.33515e-05	3.52862e-05	-156.252
342.0481	8.744	5.833384719999999e-11	-2.76567e-05	-3.05178e-05	3.91009e-05	-130.182
343.6071	8.748	5.836053239999999e-11	2.76567e-05	5.72208e-06	3.05178e-05	8.652
345.196	8.752	5.83872176e-11	-1.52589e-05	1.62126e-05	2.86103e-05	139.266
346.7586	8.756	5.84139028e-11	-1.04905e-05	5.72208e-06	1.43052e-05	165.378
348.5905	8.76	5.8440588e-11	-4.48229e-05	-9.5368e-06	4.67303e-05	-172.674
350.1516	8.764	5.84672732e-11	-9.5368e-06	8.58313e-06	2.19346e-05	142.524
351.7744	8.768	5.849395840000001e-11	-5.6267e-05	-1.43052e-05	4.48229e-05	-160.944
353.3352	8.772	5.852064359999999e-11	-1.90736e-05	-3.05178e-05	3.43325e-05	-116.076
354.9014	8.776	5.854732879999999e-11	7.62945e-06	-1.52589e-05	1.71663e-05	-45.0
356.4702	8.78	5.857401399999999e-11	-4.29156e-05	-5.72208e-06	3.71935e-05	-163.74
358.0388	8.784	5.86006992e-11	3.05178e-05	2.28883e-05	4.48229e-05	32.592
359.626	8.788	5.86273844e-11	6.67575e-06	3.81473e-06	1.04905e-05	26.562
361.4504	8.792	5.86540696e-11	-1.43052e-05	-6.2943e-05	6.19893e-05	-108.822
362.9942	8.796	5.86807548e-11	-1.81199e-05	1.71663e-05	2.3842e-05	125.364
364.5851	8.8	5.870744e-11	-4.48229e-05	9.53682e-07	4.57766e-05	-176.682
366.151	8.804	5.87341252e-11	1.23978e-05	-1.81199e-05	2.00273e-05	-67.83
367.9567	8.808	5.87608104e-11	-1.33515e-05	-2.6703e-05	3.05178e-05	-124.698
369.5136	8.812	5.878749559999999e-11	1.90736e-06	-1.62126e-05	1.71663e-05	-60.522
371.0738	8.816	5.88141808e-11	1.33515e-05	-8.58313e-06	1.71663e-05	-10.494
372.6436	8.82	5.8840866e-11	2.28883e-05	-9.5368e-06	2.86103e-05	-11.562
374.2148	8.824	5.88675512e-11	2.86104e-06	-1.43052e-05	1.43052e-05	-79.218
376.0366	8.828	5.889423639999999e-11	-4.7684e-06	-1.04905e-05	1.04905e-05	-77.472
377.5838	8.832	5.89209216e-11	2.86104e-06	1.90736e-06	3.81473e-06	54.462
379.1348	8.836	5.89476068e-11	3.24252e-05	-9.5368e-06	4.38693e-05	-19.656
380.7073	8.84	5.8974292e-11	3.52862e-05	1.23978e-05	3.91009e-05	12.846
382.2538	8.844	5.90009772e-11	3.91009e-05	1.04905e-05	3.81472e-05	17.784
383.8236	8.848	5.90276624e-11	4.48229e-05	2.86103e-05	5.81744e-05	32.136
385.4093	8.852	5.90543476e-11	2.57493e-05	5.72208e-06	2.6703e-05	19.746
386.978	8.856	5.908103279999999e-11	2.86104e-06	1.90736e-05	2.00273e-05	61.116
388.7965	8.86	5.910771799999999e-11	7.43871e-05	8.58313e-06	7.1526e-05	6.522
390.3689	8.864	5.91344032e-11	7.24797e-05	1.14442e-05	7.62944e-05	4.398
391.9339	8.868	5.91610884e-11	5.9128e-05	4.19619e-05	7.34334e-05	35.652
393.5205	8.872	5.91877736e-11	0.00013733	5.43597e-05	0.000145913	20.526
395.0721	8.876	5.92144588e-11	0.000139237	2.57493e-05	0.000146867	8.496
396.6574	8.88	5.924114400000001e-11	0.000128747	3.91009e-05	0.000130654	18.714
398.2094	8.884	5.926782919999999e-11	0.000127793	3.05178e-05	0.000139237	12.672
400.0158	8.888	5.929451439999999e-11	0.000125886	7.1526e-05	0.000146867	28.854
401.5986	8.892	5.932119959999999e-11	0.00019455	8.39238e-05	0.000209809	23.61
403.1533	8.896	5.93478848e-11	0.000214578	6.38966e-05	0.000223161	16.866
404.6979	8.9	5.937457e-11	0.000174523	8.77385e-05	0.000196458	26.394
406.2675	8.904	5.94012552e-11	0.000204087	8.86922e-05	0.000223161	23.49
408.0924	8.908	5.94279404e-11	0.000181199	0.00011921	0.000221253	32.886
409.6572	8.912	5.945462560000001e-11	0.000170709	8.58312e-05	0.000188828	27.834
411.2632	8.916	5.94813108e-11	0.000141145	9.82289e-05	0.000176431	34.974
413.0692	8.92	5.950799599999999e-11	0.000103951	0.000130654	0.000164033	53.868
414.6136	8.924	5.953468119999999e-11	5.81744e-05	6.38966e-05	8.77385e-05	49.212
416.2004	8.928	5.95613664e-11	4.57766e-05	0.00010109	0.000107766	67.998
417.7663	8.932	5.95880516e-11	1.52589e-05	5.14986e-05	5.43597e-05	70.908
419.3509	8.936	5.96147368e-11	3.33788e-05	0.000102044	0.000107766	65.526
421.1758	8.94	5.9641422e-11	-6.5804e-05	5.72207e-05	8.48775e-05	142.206
422.7444	8.944	5.96681072e-11	9.53682e-07	6.19893e-05	6.10356e-05	93.18
424.3228	8.948	5.96947924e-11	-6.96187e-05	4.19619e-05	8.58312e-05	147.138
425.8745	8.952	5.97214776e-11	-3.81472e-05	6.67575e-06	3.62399e-05	162.582
427.4443	8.956	5.97481628e-11	-5.9128e-05	-9.5368e-06	5.72207e-05	-169.458
428.9974	8.96	5.9774848e-11	-8.77385e-05	-2.0981e-05	8.86922e-05	-165.648
430.5597	8.964	5.98015332e-11	-4.19619e-05	-2.9564e-05	5.14986e-05	-145.716
432.4052	8.968	5.98282184e-11	-5.6267e-05	-2.86103e-05	6.96187e-05	-158.964
433.992	8.972	5.985490359999999e-11	-4.67303e-05	-3.24252e-05	5.81744e-05	-145.428
435.5405	8.976	5.98815888e-11	-5.14986e-05	-4.00546e-05	6.67577e-05	-143.568
437.0914	8.98	5.9908274e-11	-4.38693e-05	-1.62126e-05	5.14986e-05	-166.638
438.6553	8.984	5.99349592e-11	-3.43325e-05	-6.10356e-05	6.96187e-05	-119.004
440.4612	8.988	5.99616444e-11	-2.76567e-05	-2.6703e-05	4.10082e-05	-138.654
442.0361	8.992	5.99883296e-11	-2.0981e-05	-2.9564e-05	3.91009e-05	-136.332
443.5837	8.996	6.00150148e-11	-9.53682e-07	-5.81744e-05	5.72207e-05	-87.366
445.1414	9.0	6.004169999999999e-11	-2.3842e-05	-2.47956e-05	3.62399e-05	-144.924
446.7001	9.004	6.006838519999999e-11	-2.9564e-05	-6.10356e-05	6.77113e-05	-118.788
448.2868	9.008	6.009507039999999e-11	-4.00546e-05	-5.72208e-06	3.52862e-05	-176.634
449.8417	9.012	6.01217556e-11	-5.3406e-05	-6.67575e-06	4.95913e-05	-171.312
451.4205	9.016	6.01484408e-11	-6.2943e-05	1.04905e-05	6.00817e-05	172.32
453.2337	9.02	6.0175126e-11	2.28883e-05	7.62945e-06	2.76567e-05	18.852
454.782	9.024	6.02018112e-11	6.67575e-06	-2.86103e-05	2.86103e-05	-72.804
456.3324	9.028	6.02284964e-11	-2.6703e-05	5.72208e-06	2.57493e-05	164.874
457.8838	9.032	6.025518159999999e-11	-9.5368e-06	1.04905e-05	1.90736e-05	149.352
459.4653	9.036	6.028186679999999e-11	-6.67575e-06	-2.3842e-05	2.57493e-05	-107.1
461.0395	9.04	6.030855199999999e-11	1.62126e-05	1.52589e-05	2.57493e-05	31.428
462.5868	9.044	6.03352372e-11	8.58313e-06	1.90736e-06	7.62945e-06	33.69
464.1556	9.048	6.03619224e-11	1.33515e-05	1.23978e-05	2.00273e-05	34.158
465.7058	9.052	6.03886076e-11	2.19346e-05	8.58313e-06	2.57493e-05	19.746
467.2562	9.056	6.041529279999999e-11	1.23978e-05	3.05178e-05	3.33788e-05	61.86
468.8112	9.06	6.0441978e-11	-9.53682e-07	1.71663e-05	1.81199e-05	100.122
470.3509	9.064	6.04686632e-11	0.0	1.33515e-05	1.43052e-05	64.536
472.1565	9.068	6.049534839999999e-11	-1.81199e-05	2.6703e-05	3.24252e-05	122.124
473.7254	9.072	6.052203359999999e-11	5.72208e-06	4.38693e-05	4.29156e-05	72.426
475.2915	9.076	6.05487188e-11	1.90736e-05	1.90736e-06	1.71663e-05	23.748
476.8395	9.08	6.0575404e-11	-1.04905e-05	-3.43325e-05	3.81472e-05	-123.96
478.3912	9.084	6.06020892e-11	5.72208e-06	4.48229e-05	4.57766e-05	77.196
479.9453	9.088	6.062877439999999e-11	-2.00273e-05	-3.33788e-05	3.52862e-05	-133.41
481.5143	9.092	6.06554596e-11	1.81199e-05	6.67575e-06	1.52589e-05	30.966
483.0825	9.096	6.06821448e-11	0.0	-2.28883e-05	2.28883e-05	-75.582
484.8846	9.1	6.070883e-11	0.0	3.81473e-06	3.81473e-06	81.87
486.4573	9.104	6.07355152e-11	1.90736e-05	-1.23978e-05	1.71663e-05	-50.196
488.0248	9.108	6.07622004e-11	2.00273e-05	-9.53682e-07	1.90736e-05	5.904
489.5755	9.112	6.07888856e-11	4.19619e-05	2.76567e-05	5.0545e-05	39.234
491.154	9.116	6.081557079999999e-11	1.04905e-05	5.72208e-06	1.52589e-05	10.884
492.708	9.12	6.084225599999999e-11	-2.47956e-05	8.58313e-06	2.76567e-05	153.438
494.2766	9.124	6.08689412e-11	3.52862e-05	-7.62945e-06	3.81472e-05	-15.678
496.097	9.128	6.08956264e-11	2.6703e-05	3.71935e-05	4.76839e-05	59.574
497.671	9.132	6.09223116e-11	-9.5368e-06	-4.19619e-05	4.19619e-05	-90.858
499.2477	9.136	6.09489968e-11	-2.86104e-06	3.14715e-05	3.14715e-05	93.654
500.8025	9.14	6.0975682e-11	-2.9564e-05	1.43052e-05	3.05178e-05	160.77
502.3733	9.144	6.100236719999999e-11	-4.7684e-06	1.62126e-05	1.71663e-05	101.31
504.1896	9.148	6.102905239999999e-11	4.00546e-05	3.81473e-06	4.48229e-05	4.146
505.7658	9.152	6.105573759999999e-11	-4.48229e-05	2.00273e-05	4.86376e-05	154.842
507.332	9.156	6.10824228e-11	-7.62945e-06	0.0	8.58313e-06	171.87
508.8798	9.16	6.1109108e-11	-1.71663e-05	-1.90736e-05	2.57493e-05	-139.236
510.4314	9.164	6.11357932e-11	-2.3842e-05	-3.43325e-05	4.38693e-05	-127.722
512.0048	9.168	6.11624784e-11	-5.3406e-05	-2.00273e-05	4.95913e-05	-160.02
513.5805	9.172	6.11891636e-11	-2.47956e-05	-3.33788e-05	4.00546e-05	-119.862
515.1326	9.176	6.12158488e-11	-3.81473e-06	-3.43325e-05	3.24252e-05	-91.248
516.9456	9.18	6.124253399999999e-11	-1.23978e-05	3.81472e-05	4.00546e-05	98.262
518.5231	9.184	6.126921919999999e-11	-1.04905e-05	-5.3406e-05	5.43597e-05	-102.144
520.0767	9.188	6.12959044e-11	4.7684e-06	5.72208e-06	6.67575e-06	102.096
521.6285	9.192	6.13225896e-11	1.33515e-05	1.62126e-05	2.3842e-05	32.826
523.2001	9.196	6.13492748e-11	9.5368e-06	0.0	8.58313e-06	-12.996
524.7476	9.2	6.137595999999999e-11	5.24523e-05	3.24252e-05	6.77113e-05	30.492
526.2993	9.204	6.14026452e-11	6.67575e-06	-4.00546e-05	4.19619e-05	-75.75
527.8652	9.208	6.14293304e-11	3.81473e-06	6.67575e-06	1.04905e-05	47.292
529.4386	9.212	6.14560156e-11	-2.0981e-05	-1.33515e-05	2.57493e-05	-157.932
531.0061	9.216	6.148270079999999e-11	2.19346e-05	-2.3842e-05	2.9564e-05	-47.91
532.5744	9.22	6.1509386e-11	-9.53682e-07	2.19346e-05	2.28883e-05	83.832
534.1415	9.224	6.15360712e-11	-9.5368e-06	-3.14715e-05	3.05178e-05	-113.028
535.9589	9.228	6.15627564e-11	4.86376e-05	3.52862e-05	5.9128e-05	40.392
537.5124	9.232	6.158944159999999e-11	3.05178e-05	4.38693e-05	5.43597e-05	54.384
539.0641	9.236	6.16161268e-11	-5.72208e-06	-1.33515e-05	1.43052e-05	-104.622
540.6359	9.24	6.1642812e-11	-2.28883e-05	4.7684e-06	2.19346e-05	157.89
542.2033	9.244	6.16694972e-11	-9.53682e-07	4.95913e-05	4.76839e-05	90.828
543.7845	9.248	6.16961824e-11	-1.23978e-05	-2.86104e-06	1.33515e-05	-172.566
545.3545	9.252	6.17228676e-11	-3.81472e-05	-4.7684e-06	3.71935e-05	-172.998
546.9221	9.256	6.17495528e-11	9.5368e-06	2.28883e-05	2.19346e-05	66.036
548.7398	9.26	6.177623799999999e-11	-3.33788e-05	1.52589e-05	3.52862e-05	163.608
550.2935	9.264	6.180292319999999e-11	1.90736e-06	4.57766e-05	4.76839e-05	93.18
551.8649	9.268	6.18296084e-11	-1.90736e-06	1.71663e-05	1.71663e-05	103.494
553.4124	9.272	6.18562936e-11	-1.04905e-05	-6.67575e-06	1.23978e-05	-133.026
554.9949	9.276	6.18829788e-11	3.14715e-05	6.19893e-05	6.67577e-05	62.892
556.5678	9.28	6.1909664e-11	-4.00546e-05	1.52589e-05	4.67303e-05	152.766
558.1152	9.284	6.193634920000001e-11	0.0	-1.90736e-06	3.81473e-06	-70.02
559.9369	9.288	6.196303439999999e-11	-1.43052e-05	2.86104e-06	1.52589e-05	167.736
561.5207	9.292	6.198971959999999e-11	-1.43052e-05	6.67575e-06	1.71663e-05	151.56
563.088	9.296	6.201640479999999e-11	-1.90736e-05	-1.81199e-05	1.90736e-05	-135.0
564.6573	9.3	6.204309e-11	-1.71663e-05	1.90736e-06	2.19346e-05	168.996
566.2096	9.304	6.20697752e-11	-1.71663e-05	1.52589e-05	2.28883e-05	135.0
568.0323	9.308	6.20964604e-11	1.23978e-05	3.24252e-05	3.33788e-05	74.538
569.5878	9.312	6.21231456e-11	2.57493e-05	1.04905e-05	3.14715e-05	21.594
571.1268	9.316	6.21498308e-11	8.58313e-06	-2.28883e-05	2.86103e-05	-50.79
572.7039	9.32	6.2176516e-11	-3.52862e-05	4.7684e-06	3.43325e-05	166.236
574.2737	9.324	6.22032012e-11	1.23978e-05	1.90736e-06	1.33515e-05	8.13
576.1163	9.328	6.222988639999999e-11	2.19346e-05	-1.04905e-05	2.57493e-05	-30.966
577.6928	9.332	6.22565716e-11	-2.00273e-05	2.47956e-05	3.05178e-05	124.698
579.2664	9.336	6.22832568e-11	1.23978e-05	3.62399e-05	4.00546e-05	83.76
581.0838	9.34	6.2309942e-11	-1.33515e-05	-3.81473e-06	8.58313e-06	-150.948
582.6582	9.344	6.233662719999999e-11	1.23978e-05	-1.14442e-05	1.23978e-05	-18.432
584.2254	9.348	6.23633124e-11	2.86103e-05	2.86104e-06	2.86103e-05	3.99
585.7933	9.352	6.23899976e-11	1.90736e-06	-1.62126e-05	1.71663e-05	-84.474
587.3421	9.356	6.24166828e-11	4.67303e-05	3.05178e-05	5.6267e-05	36.87
589.1533	9.36	6.2443368e-11	2.19346e-05	-2.76567e-05	3.62399e-05	-47.934
590.7142	9.364	6.24700532e-11	-2.0981e-05	-5.72208e-06	1.62126e-05	-161.568
592.281	9.368	6.24967384e-11	3.71935e-05	0.0	3.14715e-05	-5.196
593.8572	9.372	6.252342359999999e-11	1.90736e-06	9.5368e-06	1.04905e-05	51.342
595.4249	9.376	6.255010879999999e-11	2.19346e-05	0.0	2.19346e-05	-8.616
596.9903	9.38	6.2576794e-11	1.14442e-05	1.52589e-05	2.19346e-05	45.0
598.5529	9.384	6.26034792e-11	9.5368e-06	-2.6703e-05	2.6703e-05	-66.612
600.3952	9.388	6.26301644e-11	-9.5368e-06	-4.7684e-06	8.58313e-06	-161.568
601.9643	9.392	6.26568496e-11	-9.5368e-06	-1.71663e-05	1.71663e-05	-113.502
603.5296	9.396	6.268353480000001e-11	-9.5368e-06	4.76839e-05	4.67303e-05	105.252
605.0837	9.4	6.271022e-11	2.3842e-05	-2.86104e-06	2.19346e-05	0.0
606.6523	9.404	6.273690519999999e-11	-5.72208e-06	8.58313e-06	1.52589e-05	158.196
608.4701	9.408	6.276359039999999e-11	-2.76567e-05	1.90736e-06	3.05178e-05	165.066
610.044	9.412	6.27902756e-11	1.04905e-05	1.52589e-05	1.52589e-05	42.708
611.6114	9.416	6.28169608e-11	-1.71663e-05	-5.72208e-06	1.62126e-05	-148.242
613.4289	9.42	6.2843646e-11	-1.33515e-05	1.23978e-05	1.71663e-05	120.966
615.0026	9.424	6.28703312e-11	4.7684e-06	-5.72208e-06	8.58313e-06	-28.302
616.5501	9.428	6.289701640000001e-11	-3.14715e-05	-1.62126e-05	3.91009e-05	-155.556
618.1219	9.432	6.29237016e-11	6.67575e-06	-1.90736e-06	5.72208e-06	18.432
619.6695	9.436	6.295038679999999e-11	-1.14442e-05	-2.00273e-05	2.19346e-05	-112.752
621.2436	9.44	6.297707199999999e-11	1.04905e-05	-1.71663e-05	1.90736e-05	-62.526
622.8046	9.444	6.30037572e-11	1.90736e-06	2.76567e-05	2.76567e-05	94.086
624.3565	9.448	6.30304424e-11	-4.7684e-06	-2.86104e-06	1.90736e-06	-153.438
625.9291	9.452	6.30571276e-11	-4.7684e-06	1.81199e-05	1.90736e-05	84.096
627.4956	9.456	6.30838128e-11	-1.81199e-05	5.72208e-06	1.52589e-05	152.1
629.0432	9.46	6.3110498e-11	8.58313e-06	2.57493e-05	2.86103e-05	57.03
630.597	9.464	6.31371832e-11	3.14715e-05	2.28883e-05	4.00546e-05	39.096
632.4366	9.468	6.31638684e-11	3.05178e-05	1.62126e-05	3.05178e-05	32.154
634.016	9.472	6.31905536e-11	5.72208e-06	2.19346e-05	2.28883e-05	68.838
635.5699	9.476	6.32172388e-11	2.86104e-06	-3.81473e-06	1.90736e-06	-108.432
637.1229	9.48	6.3243924e-11	8.58313e-06	8.58313e-06	1.43052e-05	35.838
638.6942	9.484	6.32706092e-11	6.10356e-05	-5.72208e-06	6.00817e-05	-5.712
640.5006	9.488	6.329729439999999e-11	4.10082e-05	8.58313e-06	4.48229e-05	14.034
642.0782	9.492	6.33239796e-11	-2.86104e-06	2.86104e-06	3.81473e-06	102.528
643.6321	9.496	6.33506648e-11	-1.52589e-05	1.52589e-05	1.71663e-05	124.38
645.1848	9.5	6.337735e-11	-2.86104e-06	5.72208e-06	6.67575e-06	90.0
646.7357	9.504	6.34040352e-11	3.05178e-05	3.52862e-05	4.29156e-05	46.974
648.2877	9.508	6.34307204e-11	4.19619e-05	3.52862e-05	5.53133e-05	39.096
649.8384	9.512	6.34574056e-11	-4.7684e-06	-2.86104e-06	5.72208e-06	-174.288
651.4103	9.516	6.348409079999999e-11	9.5368e-06	1.23978e-05	1.71663e-05	64.356
653.2278	9.52	6.351077599999999e-11	1.52589e-05	-7.62945e-06	1.90736e-05	-15.948
654.7816	9.524	6.353746119999999e-11	0.0	3.71935e-05	3.62399e-05	86.7
656.3526	9.528	6.35641464e-11	-9.5368e-06	1.04905e-05	1.81199e-05	163.812
657.919	9.532	6.35908316e-11	-2.28883e-05	6.67575e-06	2.19346e-05	164.292
659.4722	9.536	6.36175168e-11	6.67575e-06	3.52862e-05	4.10082e-05	75.342
661.0406	9.54	6.3644202e-11	6.67575e-06	1.04905e-05	1.23978e-05	53.748
662.5871	9.544	6.367088719999999e-11	1.90736e-05	6.67575e-06	2.00273e-05	28.176
664.4088	9.548	6.369757239999999e-11	3.33788e-05	-1.14442e-05	2.86103e-05	-20.724
665.9824	9.552	6.372425759999999e-11	1.52589e-05	7.62945e-06	1.52589e-05	23.202
667.5323	9.556	6.375094279999999e-11	2.3842e-05	-1.33515e-05	3.24252e-05	-20.958
669.1014	9.56	6.3777628e-11	-2.86104e-06	-1.33515e-05	1.23978e-05	-90.0
670.6493	9.564	6.38043132e-11	4.00546e-05	1.14442e-05	4.19619e-05	13.602
672.4709	9.568	6.38309984e-11	3.81473e-06	-9.53682e-07	8.58313e-06	10.62
674.0241	9.572	6.38576836e-11	3.05178e-05	5.72208e-06	2.9564e-05	11.82
675.5901	9.576	6.38843688e-11	3.62399e-05	3.81472e-05	5.72207e-05	42.672
677.4142	9.58	6.3911054e-11	0.0	2.57493e-05	2.57493e-05	102.996
678.9873	9.584	6.393773919999999e-11	2.6703e-05	1.90736e-06	2.47956e-05	15.948
680.5546	9.588	6.396442439999999e-11	0.0	-2.86104e-06	2.86104e-06	-63.438
682.1227	9.592	6.39911096e-11	1.33515e-05	-9.5368e-06	1.52589e-05	-31.428
683.69	9.596	6.40177948e-11	3.24252e-05	5.72208e-06	3.71935e-05	13.8
685.2751	9.6	6.404448e-11	2.3842e-05	2.86103e-05	3.71935e-05	44.256
686.8214	9.604	6.407116519999999e-11	-4.00546e-05	-2.47956e-05	4.67303e-05	-157.128
688.3928	9.608	6.40978504e-11	-3.81473e-06	2.57493e-05	2.86103e-05	97.272
689.9406	9.612	6.41245356e-11	4.10082e-05	1.14442e-05	3.81472e-05	16.092
691.495	9.616	6.41512208e-11	-6.67575e-06	1.52589e-05	1.90736e-05	128.928
693.0438	9.62	6.417790599999999e-11	2.00273e-05	-3.62399e-05	3.91009e-05	-63.006
694.5957	9.624	6.42045912e-11	3.05178e-05	-1.43052e-05	2.86103e-05	-44.064
696.4175	9.628	6.42312764e-11	-1.04905e-05	-4.48229e-05	4.57766e-05	-107.352
697.9707	9.632	6.425796159999999e-11	3.81473e-06	2.86104e-06	7.62945e-06	0.0
699.5414	9.636	6.428464679999999e-11	2.86104e-06	-3.33788e-05	3.24252e-05	-81.702
701.11	9.64	6.4311332e-11	3.81473e-06	-1.14442e-05	1.14442e-05	-45.0
702.6778	9.644	6.43380172e-11	-4.7684e-06	6.67575e-06	8.58313e-06	75.066
704.4951	9.648	6.43647024e-11	6.67575e-06	-2.47956e-05	2.3842e-05	-68.496
706.0692	9.652	6.43913876e-11	-1.90736e-05	-2.00273e-05	2.6703e-05	-142.254
707.618	9.656	6.44180728e-11	-3.52862e-05	-2.47956e-05	4.19619e-05	-144.78
709.4464	9.66	6.444475799999999e-11	-1.33515e-05	5.24523e-05	5.53133e-05	99.462
711.0117	9.664	6.447144319999999e-11	-9.5368e-06	2.47956e-05	2.57493e-05	110.376
712.5724	9.668	6.449812839999999e-11	-6.67575e-06	2.28883e-05	2.3842e-05	97.122
714.1486	9.672	6.45248136e-11	4.38693e-05	4.10082e-05	5.81744e-05	49.188
715.6967	9.676	6.45514988e-11	1.23978e-05	2.86103e-05	2.86103e-05	68.46
717.2663	9.68	6.4578184e-11	-2.3842e-05	1.04905e-05	3.14715e-05	157.992
718.8338	9.684	6.46048692e-11	3.62399e-05	1.33515e-05	3.71935e-05	21.804
720.3817	9.688	6.46315544e-11	-2.0981e-05	-2.76567e-05	3.43325e-05	-127.302
721.9334	9.692	6.465823959999999e-11	1.90736e-06	3.81473e-06	2.86104e-06	128.658
723.4852	9.696	6.468492479999999e-11	-3.24252e-05	-3.14715e-05	5.14986e-05	-143.82
725.0527	9.7	6.471160999999999e-11	2.86104e-06	-1.71663e-05	1.62126e-05	-87.708
726.6042	9.704	6.47382952e-11	-9.5368e-06	6.67575e-06	9.5368e-06	138.012
728.3958	9.708	6.47649804e-11	-9.5368e-06	8.58313e-06	8.58313e-06	123.69
729.9617	9.712	6.47916656e-11	-1.90736e-06	5.72208e-06	5.72208e-06	83.658
731.5302	9.716	6.48183508e-11	1.04905e-05	1.04905e-05	1.23978e-05	49.398
733.0828	9.72	6.4845036e-11	-3.71935e-05	-3.33788e-05	5.24523e-05	-142.434
734.6549	9.724	6.48717212e-11	0.0	-2.86104e-06	2.86104e-06	-111.804
736.4724	9.728	6.48984064e-11	-3.33788e-05	2.3842e-05	4.38693e-05	143.472
738.0454	9.732	6.492509159999999e-11	1.71663e-05	8.58313e-06	2.00273e-05	25.71
739.6132	9.736	6.49517768e-11	2.9564e-05	1.04905e-05	3.05178e-05	27.12
741.4158	9.74	6.4978462e-11	-6.67575e-06	-5.72208e-06	8.58313e-06	-151.698
742.9684	9.744	6.50051472e-11	-9.5368e-06	3.81473e-06	1.33515e-05	145.62
744.5244	9.748	6.503183239999999e-11	0.0	2.3842e-05	2.19346e-05	88.152
746.0716	9.752	6.50585176e-11	-2.86104e-06	-2.86104e-06	5.72208e-06	-124.992
747.6433	9.756	6.50852028e-11	-1.62126e-05	-9.53682e-07	1.04905e-05	-167.004
749.2097	9.76	6.5111888e-11	-1.62126e-05	8.58313e-06	1.90736e-05	157.83
750.7785	9.764	6.51385732e-11	1.23978e-05	-9.5368e-06	1.62126e-05	-21.372
752.3254	9.768	6.51652584e-11	3.81473e-06	5.53133e-05	5.53133e-05	85.866
753.8773	9.772	6.51919436e-11	4.29156e-05	-1.81199e-05	4.38693e-05	-24.966
755.4609	9.776	6.521862879999999e-11	-2.6703e-05	-2.86104e-06	2.3842e-05	-167.124
757.0123	9.78	6.524531399999999e-11	2.6703e-05	-3.43325e-05	4.10082e-05	-63.438
758.5838	9.784	6.52719992e-11	1.04905e-05	8.58313e-06	1.43052e-05	41.424
760.4015	9.788	6.52986844e-11	6.67575e-06	2.19346e-05	2.0981e-05	80.22
761.9576	9.792	6.53253696e-11	7.62945e-06	1.71663e-05	1.62126e-05	109.176
763.5265	9.796	6.53520548e-11	-6.67575e-06	3.81473e-06	8.58313e-06	132.51
765.0944	9.8	6.537874000000001e-11	2.28883e-05	-1.90736e-05	2.57493e-05	-43.956
766.6428	9.804	6.540542519999999e-11	1.23978e-05	-2.86103e-05	3.05178e-05	-66.642
768.4645	9.808	6.543211039999999e-11	3.52862e-05	-6.67575e-06	3.62399e-05	-10.308
770.0173	9.812	6.545879559999999e-11	-3.81472e-05	-1.62126e-05	3.52862e-05	-152.928
771.5889	9.816	6.54854808e-11	-6.67575e-06	-1.33515e-05	1.33515e-05	-117.756
773.1367	9.82	6.5512166e-11	-1.90736e-06	-3.14715e-05	3.14715e-05	-85.332
774.7075	9.824	6.55388512e-11	1.90736e-05	3.81472e-05	4.86376e-05	47.118
776.5161	9.828	6.55655364e-11	0.0	2.6703e-05	2.57493e-05	91.506
778.0836	9.832	6.55922216e-11	2.3842e-05	5.72208e-06	2.3842e-05	22.992
779.6338	9.836	6.56189068e-11	2.6703e-05	2.86104e-06	3.43325e-05	1.044
781.2029	9.84	6.564559199999999e-11	-1.62126e-05	0.0	1.62126e-05	173.658
782.7705	9.844	6.567227719999999e-11	6.67575e-06	2.28883e-05	2.3842e-05	60.642
784.3183	9.848	6.56989624e-11	3.81473e-06	-1.81199e-05	1.52589e-05	-68.196
785.8744	9.852	6.57256476e-11	0.0	2.86104e-06	6.67575e-06	28.302
787.4513	9.856	6.57523328e-11	8.58313e-06	-3.81473e-06	7.62945e-06	-6.342
789.2749	9.86	6.577901799999999e-11	3.81473e-06	1.43052e-05	1.43052e-05	76.608
790.845	9.864	6.58057032e-11	3.81473e-06	9.53682e-07	2.86104e-06	-161.568
792.3962	9.868	6.58323884e-11	2.0981e-05	-2.28883e-05	2.57493e-05	-43.83
793.9537	9.872	6.58590736e-11	3.81473e-06	-4.7684e-06	8.58313e-06	-28.302
795.5207	9.876	6.58857588e-11	-1.90736e-05	-2.28883e-05	3.05178e-05	-122.124
797.0873	9.88	6.5912444e-11	1.52589e-05	-2.00273e-05	2.57493e-05	-48.942
798.6548	9.884	6.59391292e-11	1.81199e-05	-7.62945e-06	1.71663e-05	-36.468
800.4726	9.888	6.59658144e-11	-6.67575e-06	-1.33515e-05	1.43052e-05	-107.652
802.046	9.892	6.599249959999999e-11	3.14715e-05	1.90736e-06	2.57493e-05	4.902
803.6135	9.896	6.60191848e-11	1.71663e-05	-1.90736e-05	2.28883e-05	-39.804
805.176	9.9	6.604587e-11	4.10082e-05	-1.71663e-05	4.38693e-05	-26.952
806.729	9.904	6.60725552e-11	2.76567e-05	1.90736e-05	3.05178e-05	41.31
808.5404	9.908	6.60992404e-11	2.19346e-05	1.90736e-06	2.57493e-05	2.79
810.0864	9.912	6.61259256e-11	-9.5368e-06	2.86104e-06	1.04905e-05	176.634
811.6597	9.916	6.61526108e-11	2.28883e-05	2.57493e-05	3.62399e-05	43.566
813.2074	9.92	6.617929599999999e-11	1.52589e-05	-3.14715e-05	3.62399e-05	-53.532
814.7595	9.924	6.620598119999999e-11	2.00273e-05	-9.53682e-07	2.0981e-05	5.358
816.311	9.928	6.62326664e-11	1.04905e-05	-7.62945e-06	1.71663e-05	-20.322
817.8821	9.932	6.62593516e-11	2.9564e-05	-9.53682e-07	2.86103e-05	1.362
819.4498	9.936	6.62860368e-11	2.86104e-06	8.58313e-06	1.04905e-05	60.642
821.2708	9.94	6.6312722e-11	1.90736e-06	1.43052e-05	1.43052e-05	106.926
822.841	9.944	6.633940720000001e-11	0.0	-9.5368e-06	8.58313e-06	-102.996
824.4089	9.948	6.63660924e-11	-1.04905e-05	2.00273e-05	2.28883e-05	97.698
825.9919	9.952	6.639277759999999e-11	1.71663e-05	-1.04905e-05	1.71663e-05	-43.53
827.5425	9.956	6.641946279999999e-11	3.81473e-06	4.7684e-06	6.67575e-06	33.69
829.0954	9.96	6.6446148e-11	1.90736e-05	1.62126e-05	2.6703e-05	36.324
830.6429	9.964	6.64728332e-11	5.0545e-05	0.0	4.86376e-05	-0.774
832.4661	9.968	6.64995184e-11	-2.57493e-05	-2.86104e-06	2.28883e-05	-174.954
834.0484	9.972	6.65262036e-11	1.90736e-05	1.71663e-05	2.28883e-05	61.26
835.6019	9.976	6.65528888e-11	2.0981e-05	3.24252e-05	3.43325e-05	57.342
837.1537	9.98	6.6579574e-11	3.05178e-05	0.0	2.3842e-05	0.0
838.7252	9.984	6.66062592e-11	9.5368e-06	2.47956e-05	2.6703e-05	71.568
840.5328	9.988	6.663294439999999e-11	1.71663e-05	1.62126e-05	2.00273e-05	59.034
842.0804	9.992	6.66596296e-11	2.28883e-05	1.14442e-05	2.3842e-05	25.824
843.6522	9.996	6.66863148e-11	2.6703e-05	-2.86104e-06	2.76567e-05	1.332
845.2141	10.0	6.6713e-11	1.23978e-05	1.14442e-05	1.90736e-05	47.202
846.7875	10.004	6.673968519999999e-11	8.58313e-06	-2.57493e-05	2.57493e-05	-69.624
848.335	10.008	6.676637039999999e-11	2.86103e-05	3.24252e-05	4.86376e-05	42.918
849.9077	10.012	6.67930556e-11	0.0	3.14715e-05	2.9564e-05	94.188
851.4543	10.016	6.68197408e-11	-1.04905e-05	1.04905e-05	1.04905e-05	135.0
853.2758	10.02	6.6846426e-11	-2.00273e-05	6.67575e-06	1.71663e-05	162.474
854.8288	10.024	6.68731112e-11	3.81473e-06	1.33515e-05	1.23978e-05	68.196
856.3843	10.028	6.68997964e-11	-1.43052e-05	2.3842e-05	2.86103e-05	118.302
857.9538	10.032	6.692648159999999e-11	6.67575e-06	1.14442e-05	1.23978e-05	90.0
859.5204	10.036	6.695316679999999e-11	3.81473e-06	1.71663e-05	1.90736e-05	91.908
861.0679	10.04	6.697985199999999e-11	3.81473e-06	2.19346e-05	2.19346e-05	83.088
862.6198	10.044	6.70065372e-11	-9.5368e-06	1.04905e-05	1.14442e-05	105.522
864.4411	10.048	6.70332224e-11	3.81473e-06	1.04905e-05	9.5368e-06	71.568
866.0149	10.052	6.70599076e-11	-3.81473e-06	4.67303e-05	4.76839e-05	93.972
867.5825	10.056	6.70865928e-11	1.90736e-06	1.33515e-05	1.23978e-05	67.62
869.1301	10.06	6.7113278e-11	8.58313e-06	1.33515e-05	1.52589e-05	52.596
870.7014	10.064	6.713996319999999e-11	5.72208e-06	2.6703e-05	2.57493e-05	92.934
872.5091	10.068	6.716664839999999e-11	-3.81473e-06	1.23978e-05	1.52589e-05	97.122
874.078	10.072	6.719333359999999e-11	-2.86104e-06	-1.81199e-05	1.62126e-05	-76.608
875.6444	10.076	6.72200188e-11	9.5368e-06	1.04905e-05	1.62126e-05	43.53
877.2121	10.08	6.7246704e-11	2.3842e-05	2.00273e-05	3.05178e-05	47.64
878.7896	10.084	6.72733892e-11	2.28883e-05	-1.81199e-05	2.9564e-05	-39.642
880.3453	10.088	6.73000744e-11	-2.9564e-05	-8.58313e-06	2.6703e-05	-159.276
881.9148	10.092	6.73267596e-11	3.81473e-06	9.5368e-06	1.04905e-05	72.648
883.4924	10.096	6.73534448e-11	-9.53682e-07	3.71935e-05	3.91009e-05	68.196
885.3159	10.1	6.738012999999999e-11	2.86104e-06	2.86103e-05	2.76567e-05	65.322
886.892	10.104	6.740681519999999e-11	1.71663e-05	1.04905e-05	2.0981e-05	33.18
888.4679	10.108	6.74335004e-11	-2.76567e-05	-1.62126e-05	3.05178e-05	-141.912
890.0209	10.112	6.74601856e-11	-7.62945e-06	-8.58313e-06	7.62945e-06	169.692
891.5723	10.116	6.74868708e-11	-2.00273e-05	1.52589e-05	2.3842e-05	148.494
893.1245	10.12	6.751355599999999e-11	-1.33515e-05	-2.6703e-05	3.14715e-05	-119.604
894.6771	10.124	6.75402412e-11	3.05178e-05	2.86104e-06	3.24252e-05	2.292
896.4872	10.128	6.75669264e-11	5.72208e-06	1.43052e-05	1.71663e-05	52.308
898.0549	10.132	6.75936116e-11	2.86104e-06	-6.67575e-06	5.72208e-06	-102.528
899.6027	10.136	6.762029679999999e-11	2.19346e-05	2.86104e-06	2.28883e-05	-1.638
901.1741	10.14	6.7646982e-11	-3.81473e-06	0.0	2.86104e-06	-96.342
902.7418	10.144	6.76736672e-11	1.33515e-05	-3.81472e-05	3.91009e-05	-68.388
904.5494	10.148	6.770035239999999e-11	2.3842e-05	1.04905e-05	2.28883e-05	29.052
906.127	10.152	6.772703759999999e-11	-2.6703e-05	-6.67575e-06	2.47956e-05	-153.438
907.7007	10.156	6.77537228e-11	5.72208e-06	2.3842e-05	2.3842e-05	79.284
909.5183	10.16	6.7780408e-11	-2.47956e-05	1.52589e-05	2.76567e-05	142.854
911.0718	10.164	6.78070932e-11	-1.52589e-05	9.53682e-07	1.43052e-05	171.87
912.6236	10.168	6.78337784e-11	4.7684e-06	7.62945e-06	1.04905e-05	49.764
914.1751	10.172	6.78604636e-11	-2.0981e-05	4.19619e-05	4.57766e-05	119.22
915.7424	10.176	6.788714879999999e-11	2.9564e-05	3.71935e-05	4.95913e-05	50.766
917.5836	10.18	6.791383399999999e-11	-2.0981e-05	1.52589e-05	2.6703e-05	155.322
919.1508	10.184	6.794051919999999e-11	-9.5368e-06	1.81199e-05	2.28883e-05	126.57
920.7018	10.188	6.79672044e-11	1.23978e-05	-1.33515e-05	1.90736e-05	-60.018
922.2731	10.192	6.79938896e-11	2.57493e-05	3.81473e-06	2.19346e-05	-5.526
923.8357	10.196	6.80205748e-11	2.76567e-05	1.90736e-06	2.86103e-05	6.342
925.4022	10.2	6.804726e-11	1.62126e-05	-9.5368e-06	2.3842e-05	-9.246
926.9759	10.204	6.807394520000001e-11	1.71663e-05	1.52589e-05	1.71663e-05	68.628
928.8139	10.208	6.810063039999999e-11	1.23978e-05	-3.05178e-05	3.33788e-05	-53.364
930.3935	10.212	6.812731559999999e-11	-1.52589e-05	8.58313e-06	1.71663e-05	148.242
931.969	10.216	6.815400079999999e-11	-2.28883e-05	-7.62945e-06	2.57493e-05	-163.854
933.5348	10.22	6.8180686e-11	-4.86376e-05	2.28883e-05	5.3406e-05	152.802
935.0839	10.224	6.82073712e-11	-3.62399e-05	-2.3842e-05	4.48229e-05	-149.322
936.8942	10.228	6.82340564e-11	1.33515e-05	-4.29156e-05	4.19619e-05	-69.774
938.4706	10.232	6.82607416e-11	-9.5368e-06	5.0545e-05	5.0545e-05	93.762
940.0246	10.236	6.82874268e-11	2.86104e-06	1.33515e-05	1.71663e-05	73.812
941.8499	10.24	6.8314112e-11	8.58313e-06	-1.90736e-06	9.5368e-06	-21.804
943.4147	10.244	6.83407972e-11	-1.81199e-05	-4.76839e-05	4.95913e-05	-111.654
944.9684	10.248	6.836748239999999e-11	-1.90736e-05	1.52589e-05	2.19346e-05	146.82
946.5399	10.252	6.83941676e-11	-9.5368e-06	1.52589e-05	1.90736e-05	115.71
948.1368	10.256	6.84208528e-11	-2.3842e-05	1.33515e-05	2.86103e-05	140.358
949.9604	10.26	6.8447538e-11	2.3842e-05	0.0	2.28883e-05	-6.342
951.512	10.264	6.847422319999999e-11	-1.90736e-06	2.9564e-05	2.9564e-05	90.0
953.1125	10.268	6.85009084e-11	-8.58313e-06	5.72208e-06	1.04905e-05	143.13
954.6812	10.272	6.85275936e-11	3.81473e-06	2.00273e-05	2.3842e-05	63.438
956.2301	10.276	6.85542788e-11	-3.14715e-05	8.58313e-06	3.14715e-05	167.988
957.7815	10.28	6.8580964e-11	-3.81473e-06	-1.04905e-05	8.58313e-06	-77.004
959.3531	10.284	6.86076492e-11	1.52589e-05	2.86104e-06	1.52589e-05	13.392
961.1706	10.288	6.86343344e-11	3.24252e-05	3.81473e-06	3.14715e-05	8.652
962.7442	10.292	6.866101959999999e-11	0.0	-4.29156e-05	4.19619e-05	-87.396
964.3106	10.296	6.868770479999999e-11	-2.6703e-05	6.67575e-06	2.57493e-05	161.112
965.8596	10.3	6.871439e-11	2.19346e-05	2.86104e-06	2.19346e-05	8.88
967.4129	10.304	6.87410752e-11	-6.67575e-06	1.23978e-05	1.43052e-05	120.066
969.2329	10.308	6.87677604e-11	3.71935e-05	4.48229e-05	5.9128e-05	50.442
970.8164	10.312	6.87944456e-11	1.23978e-05	1.33515e-05	1.71663e-05	46.548
972.3916	10.316	6.88211308e-11	5.72208e-06	0.0	5.72208e-06	6.342
973.9578	10.32	6.884781599999999e-11	4.86376e-05	1.90736e-05	4.86376e-05	22.56
975.5253	10.324	6.887450119999999e-11	8.58313e-06	1.71663e-05	2.47956e-05	47.724
977.3328	10.328	6.890118639999999e-11	2.86103e-05	-6.67575e-06	2.76567e-05	-16.698
978.9003	10.332	6.89278716e-11	3.62399e-05	1.90736e-06	3.71935e-05	4.842
980.4623	10.336	6.89545568e-11	-2.28883e-05	2.0981e-05	2.57493e-05	131.634
982.2776	10.34	6.8981242e-11	-6.67575e-06	3.52862e-05	3.71935e-05	93.69
983.823	10.344	6.90079272e-11	1.62126e-05	-2.86104e-06	1.62126e-05	-7.122
985.3777	10.348	6.90346124e-11	1.90736e-05	-2.76567e-05	3.05178e-05	-63.438
986.9463	10.352	6.90612976e-11	-2.28883e-05	-9.53682e-07	2.57493e-05	180.0
988.524	10.356	6.908798279999999e-11	1.43052e-05	-3.81473e-06	2.19346e-05	-34.44
990.3478	10.36	6.911466799999999e-11	-1.62126e-05	8.58313e-06	1.43052e-05	135.0
991.9212	10.364	6.91413532e-11	-1.33515e-05	1.23978e-05	1.52589e-05	106.926
993.4889	10.368	6.91680384e-11	3.52862e-05	3.24252e-05	5.24523e-05	44.526
995.0515	10.372	6.91947236e-11	2.3842e-05	-8.58313e-06	2.47956e-05	-13.668
996.6355	10.376	6.92214088e-11	3.33788e-05	-1.90736e-06	2.6703e-05	-12.528
998.2079	10.38	6.9248094e-11	-6.67575e-06	1.23978e-05	1.23978e-05	98.97
999.7754	10.384	6.92747792e-11	2.3842e-05	1.71663e-05	3.24252e-05	38.658
1001.5833	10.388	6.93014644e-11	3.81473e-06	6.67575e-06	8.58313e-06	93.366
1003.1495	10.392	6.932814959999999e-11	2.3842e-05	-6.67575e-06	2.57493e-05	-18.888
1004.7283	10.396	6.93548348e-11	-2.86104e-06	-2.86104e-06	1.90736e-06	-135.0
1006.2866	10.4	6.938152e-11	-1.33515e-05	3.52862e-05	3.91009e-05	111.972
1007.8537	10.404	6.94082052e-11	2.19346e-05	-4.7684e-06	2.00273e-05	-14.034
1009.671	10.408	6.943489039999999e-11	4.48229e-05	-1.14442e-05	4.38693e-05	-11.844
1011.2545	10.412	6.94615756e-11	-2.86104e-06	4.29156e-05	4.10082e-05	85.074
1012.8298	10.416	6.94882608e-11	-6.67575e-06	-1.14442e-05	1.23978e-05	-130.914
1014.6627	10.42	6.9514946e-11	2.86103e-05	1.71663e-05	3.91009e-05	24.522
1016.2355	10.424	6.95416312e-11	2.57493e-05	-2.86104e-06	2.3842e-05	-11.976
1017.8034	10.428	6.95683164e-11	3.05178e-05	2.3842e-05	3.91009e-05	44.328
1019.3722	10.432	6.95950016e-11	3.05178e-05	1.90736e-06	3.62399e-05	7.986
1020.9366	10.436	6.962168679999999e-11	-1.04905e-05	-6.67575e-06	1.43052e-05	168.69
1022.4858	10.44	6.964837199999999e-11	8.58313e-06	-1.90736e-05	1.90736e-05	-62.592
1024.0375	10.444	6.96750572e-11	1.33515e-05	1.43052e-05	1.90736e-05	38.994
1025.6076	10.448	6.97017424e-11	8.58313e-06	-1.62126e-05	1.71663e-05	-70.2
1027.1766	10.452	6.97284276e-11	-4.7684e-06	-4.00546e-05	4.29156e-05	-102.438
1028.7443	10.456	6.97551128e-11	1.71663e-05	1.71663e-05	2.19346e-05	46.398
1030.3119	10.46	6.978179800000001e-11	2.86103e-05	-3.81473e-06	3.05178e-05	-5.826
1031.8796	10.464	6.980848319999999e-11	-2.86104e-06	-1.62126e-05	1.71663e-05	-113.964
1033.6973	10.468	6.983516839999999e-11	6.10356e-05	0.0	5.72207e-05	-3.408
1035.2525	10.472	6.986185359999999e-11	1.62126e-05	1.71663e-05	2.3842e-05	53.43
1036.8226	10.476	6.98885388e-11	-2.86104e-06	-1.52589e-05	1.52589e-05	-72.348
1038.3902	10.48	6.9915224e-11	9.5368e-06	-2.00273e-05	2.28883e-05	-55.842
1039.9731	10.484	6.99419092e-11	-1.43052e-05	3.05178e-05	4.19619e-05	128.16
1041.7813	10.488	6.99685944e-11	-6.67575e-06	-7.62945e-06	9.5368e-06	-161.568
1043.3493	10.492	6.99952796e-11	-1.14442e-05	2.0981e-05	2.28883e-05	109.536
1044.9165	10.496	7.00219648e-11	1.90736e-06	1.62126e-05	1.71663e-05	104.532
1046.7212	10.5	7.004865e-11	-2.6703e-05	-7.62945e-06	3.24252e-05	-172.182
1048.3055	10.504	7.007533519999999e-11	1.62126e-05	1.52589e-05	2.57493e-05	28.494
1049.8754	10.508	7.010202039999999e-11	8.58313e-06	7.62945e-06	1.43052e-05	45.0
1051.4233	10.512	7.01287056e-11	-1.62126e-05	6.67575e-06	1.62126e-05	139.638
1052.9946	10.516	7.01553908e-11	-4.19619e-05	8.58313e-06	4.10082e-05	163.662
1054.8159	10.52	7.018207599999999e-11	9.5368e-06	4.7684e-06	9.5368e-06	17.1
1056.386	10.524	7.020876119999999e-11	-1.04905e-05	8.58313e-06	1.14442e-05	135.0
1057.9539	10.528	7.02354464e-11	-2.57493e-05	1.23978e-05	2.76567e-05	149.034
1059.5013	10.532	7.02621316e-11	-2.00273e-05	-1.14442e-05	2.00273e-05	-149.034
1061.0563	10.536	7.02888168e-11	-7.62945e-06	2.6703e-05	2.86103e-05	103.734
1062.6248	10.54	7.031550199999998e-11	-2.6703e-05	-4.76839e-05	4.86376e-05	-108.69
1064.1727	10.544	7.03421872e-11	1.04905e-05	1.33515e-05	2.00273e-05	62.7
1065.9965	10.548	7.03688724e-11	2.3842e-05	-1.04905e-05	3.52862e-05	-12.846
1067.5626	10.552	7.039555759999999e-11	-1.14442e-05	-1.71663e-05	2.19346e-05	-125.538
1069.1466	10.556	7.042224279999999e-11	-5.72208e-06	-3.33788e-05	3.14715e-05	-106.116
1070.6972	10.56	7.0448928e-11	1.04905e-05	-3.05178e-05	3.43325e-05	-74.748
1072.2508	10.564	7.04756132e-11	-3.81473e-06	0.0	8.58313e-06	173.292
1074.0719	10.568	7.05022984e-11	1.71663e-05	-2.0981e-05	2.86103e-05	-30.066
1075.6278	10.572	7.05289836e-11	-4.7684e-06	-1.90736e-06	0.0	-14.034
1077.1774	10.576	7.05556688e-11	-2.6703e-05	-1.90736e-06	2.47956e-05	178.452
1079.0183	10.58	7.058235399999999e-11	1.71663e-05	4.29156e-05	4.86376e-05	65.172
1080.5687	10.584	7.060903919999999e-11	2.19346e-05	4.29156e-05	4.67303e-05	69.252
1082.1399	10.588	7.063572439999999e-11	1.71663e-05	1.33515e-05	2.3842e-05	46.002
1083.6877	10.592	7.06624096e-11	-1.62126e-05	-2.86104e-06	1.71663e-05	-176.058
1085.3086	10.596	7.06890948e-11	2.00273e-05	1.43052e-05	2.19346e-05	49.968
1087.1247	10.6	7.071578e-11	-4.7684e-06	-6.67575e-06	6.67575e-06	-108.432
1088.6813	10.604	7.07424652e-11	2.86104e-06	-2.86104e-06	1.90736e-06	-146.31
1090.2501	10.608	7.07691504e-11	-2.86104e-06	-1.33515e-05	1.14442e-05	-130.236
1091.8177	10.612	7.079583559999999e-11	-9.5368e-06	-2.6703e-05	3.14715e-05	-124.332
1093.3852	10.616	7.082252079999999e-11	2.3842e-05	-9.5368e-06	2.00273e-05	-22.17
1094.9329	10.62	7.084920599999999e-11	3.71935e-05	2.3842e-05	4.19619e-05	40.506
1096.5059	10.624	7.08758912e-11	2.3842e-05	-9.53682e-07	2.57493e-05	-9.924
1098.3422	10.628	7.09025764e-11	1.62126e-05	-5.72208e-06	1.62126e-05	-43.452
1099.9119	10.632	7.09292616e-11	-4.7684e-06	6.67575e-06	5.72208e-06	90.0
1101.4598	10.636	7.095594679999999e-11	1.71663e-05	2.00273e-05	2.76567e-05	57.03
1103.0312	10.64	7.0982632e-11	1.04905e-05	1.23978e-05	1.71663e-05	46.548
1104.5937	10.644	7.10093172e-11	3.33788e-05	4.29156e-05	5.24523e-05	58.536
1106.4163	10.648	7.10360024e-11	3.71935e-05	-3.81473e-06	4.10082e-05	-7.884
1108.0002	10.652	7.106268759999999e-11	2.19346e-05	4.57766e-05	5.0545e-05	59.418
1109.555	10.656	7.10893728e-11	3.62399e-05	1.71663e-05	4.00546e-05	24.846
1111.3754	10.66	7.1116058e-11	4.48229e-05	-1.04905e-05	4.67303e-05	-13.242
1112.949	10.664	7.114274319999999e-11	-6.67575e-06	3.71935e-05	3.71935e-05	107.178
1114.5141	10.668	7.116942839999999e-11	9.5368e-06	-4.95913e-05	5.0545e-05	-74.556
1116.0656	10.672	7.11961136e-11	1.62126e-05	-2.00273e-05	2.19346e-05	-40.812
1117.6362	10.676	7.12227988e-11	8.58313e-06	-4.7684e-06	9.5368e-06	-34.698
1119.4538	10.68	7.1249484e-11	8.58313e-06	-3.81473e-06	8.58313e-06	-52.434
1121.0273	10.684	7.12761692e-11	4.7684e-06	1.23978e-05	1.52589e-05	78.69
1122.575	10.688	7.13028544e-11	-3.81473e-06	2.00273e-05	2.19346e-05	91.638
1124.1472	10.692	7.132953959999999e-11	-1.23978e-05	-1.04905e-05	1.23978e-05	-122.004
1125.7084	10.696	7.135622479999999e-11	-1.14442e-05	0.0	1.23978e-05	-177.138
1127.2821	10.7	7.138290999999999e-11	4.7684e-06	-9.5368e-06	1.23978e-05	-55.62
1128.8504	10.704	7.14095952e-11	-6.67575e-06	-2.6703e-05	2.86103e-05	-125.706
1130.6693	10.708	7.14362804e-11	-2.00273e-05	6.67575e-06	1.71663e-05	144.462
1132.2509	10.712	7.14629656e-11	1.52589e-05	3.24252e-05	3.71935e-05	68.748
1133.8044	10.716	7.14896508e-11	-2.9564e-05	3.52862e-05	4.38693e-05	129.918
1135.3602	10.72	7.151633600000001e-11	3.14715e-05	-3.05178e-05	4.19619e-05	-50.772
1136.9276	10.724	7.154302119999999e-11	-1.04905e-05	-1.43052e-05	1.62126e-05	-117.642
1138.7453	10.728	7.156970639999999e-11	9.5368e-06	0.0	9.5368e-06	18.432
1140.3011	10.732	7.159639159999999e-11	5.72208e-06	9.5368e-06	1.14442e-05	75.258
1141.8506	10.736	7.16230768e-11	2.86104e-06	-2.00273e-05	1.90736e-05	-74.58
1143.6621	10.74	7.1649762e-11	8.58313e-06	2.47956e-05	2.76567e-05	78.438
1145.2119	10.744	7.16764472e-11	2.57493e-05	-2.86104e-06	2.28883e-05	-11.976
1146.7813	10.748	7.17031324e-11	-3.33788e-05	-2.9564e-05	4.38693e-05	-137.436
1148.3489	10.752	7.17298176e-11	-9.5368e-06	-2.3842e-05	2.9564e-05	-130.734
1149.9168	10.756	7.17565028e-11	-1.14442e-05	-3.71935e-05	3.71935e-05	-103.782
1151.4842	10.76	7.178318799999999e-11	7.62945e-06	6.67575e-06	8.58313e-06	59.742
1153.0521	10.764	7.180987319999999e-11	2.3842e-05	-9.5368e-06	2.86103e-05	-20.412
1154.5996	10.768	7.18365584e-11	-3.81473e-06	-3.81473e-06	8.58313e-06	-169.38
1156.4237	10.772	7.18632436e-11	1.52589e-05	-1.33515e-05	1.81199e-05	-35.538
1157.9745	10.776	7.18899288e-11	2.6703e-05	4.7684e-06	2.3842e-05	23.628
1159.526	10.78	7.191661399999999e-11	3.81473e-06	1.14442e-05	1.43052e-05	78.69
1161.0942	10.784	7.19432992e-11	2.28883e-05	-2.86104e-06	2.86103e-05	-1.218
1162.9155	10.788	7.19699844e-11	5.72208e-06	4.7684e-06	1.23978e-05	41.424
1164.4689	10.792	7.19966696e-11	-6.67575e-06	-2.47956e-05	2.28883e-05	-114.144
1166.0403	10.796	7.20233548e-11	1.23978e-05	2.00273e-05	2.47956e-05	43.956
1167.5881	10.8	7.205004e-11	-2.00273e-05	-9.53682e-07	2.00273e-05	-174.642
1169.1598	10.804	7.20767252e-11	-1.62126e-05	2.19346e-05	2.57493e-05	117.216
1170.7208	10.808	7.210341039999999e-11	1.23978e-05	7.62945e-06	1.04905e-05	52.122
1172.3125	10.812	7.213009559999999e-11	1.33515e-05	2.86104e-06	1.04905e-05	15.252
1173.875	10.816	7.21567808e-11	-2.00273e-05	4.38693e-05	4.86376e-05	109.656
1175.4465	10.82	7.2183466e-11	9.5368e-06	-4.29156e-05	4.48229e-05	-77.196
1177.0239	10.824	7.22101512e-11	1.90736e-06	-9.53682e-07	4.7684e-06	-68.964
1178.8476	10.828	7.22368364e-11	-1.14442e-05	2.00273e-05	2.19346e-05	111.162
1180.4012	10.832	7.22635216e-11	5.14986e-05	1.04905e-05	5.3406e-05	9.804
1181.9729	10.836	7.229020679999999e-11	-9.5368e-06	1.90736e-06	4.7684e-06	153.438
1183.5491	10.84	7.231689199999999e-11	2.19346e-05	9.5368e-06	2.28883e-05	33.234
1185.1222	10.844	7.234357719999999e-11	-1.04905e-05	-7.62945e-06	1.23978e-05	-136.974
1186.6915	10.848	7.23702624e-11	1.90736e-05	1.90736e-06	1.81199e-05	29.982
1188.239	10.852	7.23969476e-11	2.3842e-05	2.28883e-05	3.24252e-05	42.51
1189.811	10.856	7.24236328e-11	-1.71663e-05	-8.58313e-06	1.52589e-05	-152.244
1191.3726	10.86	7.2450318e-11	3.52862e-05	1.62126e-05	3.33788e-05	33.69
1192.9562	10.864	7.247700320000001e-11	1.71663e-05	1.33515e-05	1.90736e-05	27.642
1194.511	10.868	7.25036884e-11	8.58313e-06	-6.67575e-06	8.58313e-06	-45.0
1196.0813	10.872	7.253037359999999e-11	-1.14442e-05	-3.81473e-06	1.04905e-05	-165.066
1197.6494	10.876	7.255705879999999e-11	1.23978e-05	1.04905e-05	1.43052e-05	68.196
1199.1969	10.88	7.2583744e-11	-2.86104e-06	-9.5368e-06	5.72208e-06	-135.0
1200.7684	10.884	7.26104292e-11	1.43052e-05	-8.58313e-06	1.90736e-05	-27.348
1202.336	10.888	7.26371144e-11	3.81473e-06	-1.62126e-05	1.52589e-05	-106.926
1203.9037	10.892	7.26637996e-11	-3.81473e-06	8.58313e-06	1.04905e-05	107.352
1205.4687	10.896	7.26904848e-11	-1.90736e-06	-1.81199e-05	1.90736e-05	-107.88
1207.039	10.9	7.271717e-11	2.9564e-05	-2.9564e-05	4.29156e-05	-38.796
1208.5867	10.904	7.27438552e-11	-6.67575e-06	5.72208e-06	1.04905e-05	127.566
1210.4297	10.908	7.277054039999999e-11	2.3842e-05	-2.28883e-05	3.14715e-05	-44.118
1211.9979	10.912	7.27972256e-11	-2.6703e-05	3.52862e-05	4.48229e-05	125.34
1213.5456	10.916	7.28239108e-11	1.52589e-05	1.33515e-05	1.90736e-05	33.69
1215.3706	10.92	7.2850596e-11	3.81473e-06	2.86103e-05	3.14715e-05	72.252
1216.9746	10.924	7.287728119999999e-11	-5.14986e-05	2.00273e-05	6.19893e-05	160.464
1218.5405	10.928	7.29039664e-11	2.19346e-05	1.62126e-05	3.14715e-05	24.54
1220.1034	10.932	7.29306516e-11	-4.29156e-05	-2.6703e-05	5.0545e-05	-149.418
1221.6558	10.936	7.29573368e-11	5.72208e-06	-4.7684e-06	6.67575e-06	-60.948
1223.4975	10.94	7.2984022e-11	-1.04905e-05	7.62945e-06	9.5368e-06	138.012
1225.0644	10.944	7.30107072e-11	-2.19346e-05	3.81473e-06	1.71663e-05	154.44
1226.6146	10.948	7.30373924e-11	2.86104e-06	-1.33515e-05	1.23978e-05	-49.086
1228.1663	10.952	7.306407759999999e-11	5.72208e-06	2.3842e-05	2.76567e-05	75.966
1229.738	10.956	7.309076279999999e-11	1.04905e-05	1.04905e-05	1.71663e-05	34.824
1231.3202	10.96	7.3117448e-11	-2.57493e-05	-2.86103e-05	4.00546e-05	-136.932
1232.8991	10.964	7.31441332e-11	3.05178e-05	2.86103e-05	4.10082e-05	46.974
1234.723	10.968	7.31708184e-11	1.43052e-05	2.6703e-05	3.05178e-05	68.43
1236.2915	10.972	7.31975036e-11	1.33515e-05	-1.04905e-05	1.71663e-05	-32.472
1237.8798	10.976	7.322418880000001e-11	-1.62126e-05	-2.86104e-06	1.62126e-05	173.16
1239.4275	10.98	7.325087399999999e-11	2.19346e-05	4.00546e-05	4.38693e-05	58.572
1240.9973	10.984	7.327755919999999e-11	8.58313e-06	1.23978e-05	1.81199e-05	35.31
1242.8371	10.988	7.330424439999999e-11	-1.71663e-05	-1.14442e-05	2.00273e-05	-142.764
1244.3868	10.992	7.33309296e-11	4.7684e-06	-4.7684e-06	1.14442e-05	0.0
1245.9387	10.996	7.33576148e-11	1.62126e-05	2.76567e-05	3.14715e-05	52.884
1247.4904	11.0	7.33843e-11	2.3842e-05	-2.76567e-05	3.62399e-05	-53.748
1249.0729	11.004	7.34109852e-11	2.57493e-05	5.72208e-06	2.86103e-05	9.246
1250.6297	11.008	7.343767039999999e-11	-2.86104e-06	1.14442e-05	1.14442e-05	130.236
1252.1975	11.012	7.34643556e-11	2.0981e-05	-1.62126e-05	2.57493e-05	-35.364
1253.7647	11.016	7.34910408e-11	4.57766e-05	1.71663e-05	4.38693e-05	23.682
1255.3323	11.02	7.351772599999999e-11	-8.58313e-06	-1.90736e-06	5.72208e-06	-156.798
1256.8602	11.024	7.354441119999999e-11	1.04905e-05	-1.04905e-05	1.52589e-05	-43.266
1258.4168	11.028	7.35710964e-11	3.33788e-05	1.33515e-05	3.52862e-05	21.192
1259.998	11.032	7.35977816e-11	-7.62945e-06	-3.62399e-05	3.62399e-05	-90.0
1261.5511	11.036	7.36244668e-11	3.24252e-05	3.33788e-05	4.86376e-05	41.7
1263.1025	11.04	7.365115199999999e-11	3.62399e-05	4.19619e-05	5.24523e-05	47.628
1264.6712	11.044	7.36778372e-11	1.43052e-05	-1.33515e-05	1.23978e-05	-72.648
1266.2218	11.048	7.37045224e-11	6.67575e-06	4.7684e-06	9.5368e-06	25.02
1267.7935	11.052	7.37312076e-11	-9.53682e-07	8.58313e-06	7.62945e-06	55.008
1269.3426	11.056	7.375789279999998e-11	-2.00273e-05	1.52589e-05	2.28883e-05	135.0
1270.9315	11.06	7.3784578e-11	-1.62126e-05	-3.81473e-06	1.04905e-05	-169.692
1272.4927	11.064	7.38112632e-11	-7.62945e-06	1.23978e-05	1.71663e-05	105.948
1274.0593	11.068	7.383794839999999e-11	-7.62945e-06	-1.90736e-06	5.72208e-06	-174.288
1275.613	11.072	7.386463359999999e-11	-2.6703e-05	2.9564e-05	3.91009e-05	132.276
1277.1631	11.076	7.38913188e-11	3.71935e-05	-8.58313e-06	3.71935e-05	-13.296
1278.9553	11.08	7.3918004e-11	7.62945e-06	-4.67303e-05	4.57766e-05	-85.914
1280.5243	11.084	7.39446892e-11	-9.5368e-06	-4.19619e-05	4.38693e-05	-112.752
1282.0553	11.088	7.39713744e-11	3.05178e-05	5.9128e-05	6.77113e-05	57.57
1283.6315	11.092	7.39980596e-11	2.57493e-05	-1.71663e-05	3.14715e-05	-39.21
1285.1947	11.096	7.402474479999999e-11	-1.14442e-05	1.23978e-05	1.71663e-05	119.25
1287.0061	11.1	7.405142999999999e-11	-2.3842e-05	1.33515e-05	2.57493e-05	137.118
1288.5544	11.104	7.407811519999999e-11	6.67575e-06	1.23978e-05	1.52589e-05	62.358
1290.1048	11.108	7.41048004e-11	3.81473e-06	1.90736e-06	1.90736e-06	71.568
1291.6772	11.112	7.41314856e-11	-2.86104e-06	5.81744e-05	6.19893e-05	92.388
1293.2437	11.116	7.41581708e-11	2.19346e-05	-2.57493e-05	3.24252e-05	-52.908
1294.8113	11.12	7.4184856e-11	3.91009e-05	-4.29156e-05	5.72207e-05	-49.326
1296.3566	11.124	7.42115412e-11	4.19619e-05	-9.53682e-07	3.62399e-05	5.598
1298.1709	11.128	7.423822639999999e-11	2.00273e-05	-2.47956e-05	3.05178e-05	-46.788
1299.7201	11.132	7.426491159999999e-11	8.58313e-06	7.62945e-06	1.23978e-05	43.026
1301.2829	11.136	7.429159679999999e-11	-1.62126e-05	0.0	2.00273e-05	174.804
1302.8426	11.14	7.4318282e-11	1.04905e-05	5.72208e-06	1.43052e-05	18.432
1304.3899	11.144	7.43449672e-11	0.0	3.05178e-05	3.05178e-05	95.946
1306.195	11.148	7.43716524e-11	5.72208e-06	-9.53682e-07	1.90736e-06	0.0
1307.7621	11.152	7.439833759999999e-11	1.90736e-05	-6.67575e-06	2.47956e-05	-18.888
1309.315	11.156	7.44250228e-11	9.53682e-07	-2.3842e-05	2.3842e-05	-75.582
1310.8817	11.16	7.4451708e-11	-2.47956e-05	0.0	2.57493e-05	-175.602
1312.4529	11.164	7.447839319999999e-11	2.28883e-05	8.58313e-06	2.86103e-05	19.656
1314.0159	11.168	7.450507839999999e-11	1.14442e-05	8.58313e-06	2.19346e-05	54.09
1315.5867	11.172	7.45317636e-11	-2.76567e-05	3.81473e-06	2.9564e-05	164.748
1317.1442	11.176	7.45584488e-11	2.86104e-06	0.0	7.62945e-06	11.31
1318.9661	11.18	7.458513399999999e-11	2.86104e-06	3.33788e-05	3.33788e-05	86.634
1320.5124	11.184	7.461181919999999e-11	-1.81199e-05	-1.14442e-05	2.0981e-05	-146.82
1322.0848	11.188	7.46385044e-11	2.76567e-05	9.53682e-07	2.76567e-05	6.954
1323.6676	11.192	7.46651896e-11	7.62945e-06	1.62126e-05	1.81199e-05	60.75
1325.2214	11.196	7.46918748e-11	6.67575e-06	-1.62126e-05	1.71663e-05	-61.56
1326.7851	11.2	7.471856e-11	4.86376e-05	-1.43052e-05	4.67303e-05	-17.904
1328.3647	11.204	7.47452452e-11	1.23978e-05	-2.76567e-05	2.3842e-05	-73.74
1330.1976	11.208	7.47719304e-11	6.67575e-06	2.57493e-05	2.86103e-05	80.958
1331.7772	11.212	7.479861559999999e-11	4.67303e-05	8.58313e-06	4.86376e-05	16.26
1333.3631	11.216	7.482530079999999e-11	1.04905e-05	8.58313e-06	1.23978e-05	40.236
1334.9232	11.22	7.4851986e-11	1.52589e-05	-2.6703e-05	2.86103e-05	-67.482
1336.4937	11.224	7.48786712e-11	-1.04905e-05	-3.14715e-05	3.05178e-05	-104.676
1338.3382	11.228	7.49053564e-11	2.19346e-05	3.81473e-06	1.62126e-05	3.366
1339.9208	11.232	7.49320416e-11	-3.05178e-05	-1.14442e-05	3.81472e-05	-161.844
1341.4837	11.236	7.49587268e-11	1.71663e-05	1.71663e-05	2.19346e-05	43.602
1343.0541	11.24	7.498541199999999e-11	-3.14715e-05	-1.23978e-05	3.33788e-05	177.756
1344.6204	11.244	7.501209719999999e-11	1.52589e-05	-1.33515e-05	1.90736e-05	-24.774
1346.1919	11.248	7.503878239999999e-11	4.86376e-05	-1.04905e-05	6.10356e-05	-10.146
1347.7683	11.252	7.50654676e-11	-2.19346e-05	3.33788e-05	4.00546e-05	118.236
1349.3392	11.256	7.50921528e-11	-1.81199e-05	-1.33515e-05	1.90736e-05	-137.604
1350.9223	11.26	7.5118838e-11	8.58313e-06	-1.43052e-05	1.52589e-05	-73.074
1352.4788	11.264	7.51455232e-11	2.28883e-05	-3.71935e-05	4.10082e-05	-58.2
1354.0733	11.268	7.51722084e-11	-1.62126e-05	-1.81199e-05	1.71663e-05	-122.736
1355.917	11.272	7.51988936e-11	-1.81199e-05	-2.86104e-06	2.6703e-05	176.184
1357.4785	11.276	7.522557879999999e-11	3.05178e-05	5.72208e-06	3.91009e-05	5.274
1359.0806	11.28	7.525226399999999e-11	-4.7684e-06	-2.86104e-06	3.81473e-06	-129.804
1360.6698	11.284	7.52789492e-11	-4.7684e-06	1.90736e-06	1.90736e-06	116.562
1362.4767	11.288	7.53056344e-11	9.5368e-06	-2.86104e-06	8.58313e-06	-39.288
1364.0219	11.292	7.53323196e-11	4.57766e-05	-1.52589e-05	4.67303e-05	-14.442
1365.5768	11.296	7.535900479999999e-11	5.24523e-05	1.33515e-05	5.24523e-05	16.554
1367.174	11.3	7.538569e-11	3.81473e-06	8.58313e-06	1.52589e-05	64.98
1368.7259	11.304	7.54123752e-11	1.23978e-05	4.57766e-05	5.0545e-05	72.732
1370.5828	11.308	7.54390604e-11	-5.72208e-06	2.86104e-06	3.81473e-06	37.878
1372.1514	11.312	7.546574559999999e-11	1.71663e-05	1.04905e-05	2.57493e-05	25.344
1373.7187	11.316	7.54924308e-11	-3.81472e-05	5.72208e-06	4.10082e-05	163.302
1375.3027	11.32	7.5519116e-11	1.90736e-05	-1.52589e-05	2.0981e-05	-40.602
1376.8678	11.324	7.554580119999999e-11	1.90736e-06	9.5368e-06	8.58313e-06	45.0
1378.7111	11.328	7.557248639999999e-11	-1.71663e-05	1.04905e-05	1.71663e-05	144.462
1380.2741	11.332	7.55991716e-11	-2.86103e-05	7.91554e-05	8.39238e-05	108.288
1381.8625	11.336	7.56258568e-11	-1.62126e-05	-2.6703e-05	2.9564e-05	-121.188
1383.68	11.34	7.5652542e-11	3.24252e-05	-2.3842e-05	3.62399e-05	-38.16
1385.2347	11.344	7.56792272e-11	-3.14715e-05	3.81473e-06	2.86103e-05	169.824
1386.7976	11.348	7.57059124e-11	-2.76567e-05	5.72208e-06	2.86103e-05	173.37
1388.3814	11.352	7.57325976e-11	1.90736e-05	-9.5368e-06	2.00273e-05	-5.358
1389.9549	11.356	7.575928279999999e-11	-1.33515e-05	-3.14715e-05	2.9564e-05	-102.996
1391.759	11.36	7.578596799999999e-11	8.58313e-06	-1.04905e-05	1.52589e-05	-38.292
1393.3295	11.364	7.58126532e-11	8.58313e-06	-2.0981e-05	2.19346e-05	-69.864
1394.8978	11.368	7.58393384e-11	1.23978e-05	1.23978e-05	2.0981e-05	29.538
1396.4831	11.372	7.58660236e-11	7.62945e-06	-2.47956e-05	2.57493e-05	-72.552
1398.0448	11.376	7.58927088e-11	-2.6703e-05	1.90736e-06	2.19346e-05	-171.87
1399.6158	11.38	7.591939400000001e-11	1.71663e-05	4.38693e-05	4.95913e-05	66.114
1401.171	11.384	7.594607919999999e-11	1.90736e-05	1.81199e-05	2.47956e-05	57.528
1402.9947	11.388	7.597276439999999e-11	3.33788e-05	1.90736e-06	2.86103e-05	6.954
1404.5871	11.392	7.599944959999999e-11	-2.28883e-05	5.72208e-06	1.71663e-05	151.188
1406.1368	11.396	7.60261348e-11	-4.7684e-06	-1.81199e-05	1.71663e-05	-92.202
1407.7278	11.4	7.605282e-11	-1.23978e-05	2.57493e-05	2.86103e-05	120.258
1409.2777	11.404	7.60795052e-11	-2.00273e-05	1.81199e-05	2.47956e-05	124.116
1411.1167	11.408	7.61061904e-11	2.0981e-05	-1.62126e-05	3.14715e-05	-41.988
1412.6855	11.412	7.61328756e-11	-6.67575e-06	8.58313e-06	7.62945e-06	135.0
1414.269	11.416	7.61595608e-11	-2.86104e-06	5.14986e-05	5.24523e-05	90.684
1416.0772	11.42	7.6186246e-11	-2.28883e-05	1.90736e-05	2.47956e-05	136.17
1417.6711	11.424	7.621293119999999e-11	-2.86104e-06	-7.62945e-06	8.58313e-06	-123.69
1419.2391	11.428	7.62396164e-11	3.81473e-06	3.24252e-05	3.05178e-05	83.658
1420.7908	11.432	7.62663016e-11	3.71935e-05	1.23978e-05	3.24252e-05	26.562
1422.3819	11.436	7.62929868e-11	1.52589e-05	2.28883e-05	2.9564e-05	49.266
1423.947	11.44	7.631967199999999e-11	-1.81199e-05	1.04905e-05	2.19346e-05	150.948
1425.5159	11.444	7.63463572e-11	-1.14442e-05	-1.04905e-05	1.43052e-05	-127.404
1427.0998	11.448	7.63730424e-11	-1.33515e-05	0.0	1.23978e-05	171.03
1428.6495	11.452	7.63997276e-11	-1.33515e-05	-2.19346e-05	2.3842e-05	-111.504
1430.2326	11.456	7.64264128e-11	-1.04905e-05	3.91009e-05	3.91009e-05	113.334
1431.8131	11.46	7.6453098e-11	-9.53682e-07	1.23978e-05	1.23978e-05	107.352
1433.4017	11.464	7.64797832e-11	-1.81199e-05	2.57493e-05	3.43325e-05	134.274
1435.2255	11.468	7.650646839999999e-11	-9.5368e-06	-1.33515e-05	1.52589e-05	-121.758
1436.7771	11.472	7.653315359999999e-11	-3.81473e-06	-4.19619e-05	4.00546e-05	-74.58
1438.3599	11.476	7.65598388e-11	5.72208e-06	3.91009e-05	4.10082e-05	77.004
1439.9432	11.48	7.6586524e-11	0.0	3.81473e-06	4.7684e-06	12.528
1441.5391	11.484	7.66132092e-11	-1.81199e-05	1.52589e-05	2.19346e-05	147.804
1443.3622	11.488	7.66398944e-11	5.72208e-06	-1.81199e-05	1.90736e-05	-60.948
1444.9333	11.492	7.666657960000001e-11	3.81473e-06	-2.57493e-05	2.3842e-05	-88.362
1446.5018	11.496	7.669326479999999e-11	7.62945e-06	-1.71663e-05	1.52589e-05	-81.87
1448.0865	11.5	7.671994999999999e-11	-1.81199e-05	1.71663e-05	2.3842e-05	139.968
1449.6485	11.504	7.674663519999999e-11	-1.43052e-05	-8.58313e-06	1.04905e-05	-132.276
1451.2306	11.508	7.677332039999999e-11	2.86104e-06	2.57493e-05	2.57493e-05	79.284
1452.8039	11.512	7.68000056e-11	2.19346e-05	2.47956e-05	3.52862e-05	51.498
1454.3535	11.516	7.68266908e-11	5.6267e-05	4.7684e-06	5.53133e-05	7.464
1455.9197	11.52	7.6853376e-11	-2.00273e-05	0.0	1.90736e-05	-178.026
1457.4682	11.524	7.68800612e-11	-1.81199e-05	1.23978e-05	1.90736e-05	149.418
1459.0414	11.528	7.69067464e-11	2.6703e-05	1.43052e-05	3.05178e-05	28.14
1460.6038	11.532	7.693343159999999e-11	1.90736e-06	1.81199e-05	1.90736e-05	82.65
1462.1957	11.536	7.696011679999999e-11	4.19619e-05	2.3842e-05	4.95913e-05	28.302
1463.7576	11.54	7.698680199999999e-11	-2.86103e-05	-3.81472e-05	4.67303e-05	-127.032
1465.328	11.544	7.70134872e-11	2.28883e-05	3.71935e-05	4.29156e-05	53.496
1466.9121	11.548	7.70401724e-11	1.14442e-05	8.58313e-06	1.04905e-05	42.276
1468.4636	11.552	7.70668576e-11	-7.62945e-06	2.28883e-05	2.3842e-05	107.448
1470.0482	11.556	7.709354279999999e-11	2.6703e-05	2.9564e-05	4.19619e-05	41.784
1471.6279	11.56	7.7120228e-11	4.48229e-05	2.86104e-06	4.19619e-05	14.994
1473.1978	11.564	7.71469132e-11	-3.81473e-06	-2.86104e-06	7.62945e-06	-143.976
1475.0157	11.568	7.71735984e-11	8.58313e-06	1.90736e-06	8.58313e-06	-4.398
1476.603	11.572	7.720028359999999e-11	-1.04905e-05	3.05178e-05	3.05178e-05	105.378
1478.1528	11.576	7.72269688e-11	3.81473e-06	-1.14442e-05	1.23978e-05	-62.1
1479.9759	11.58	7.7253654e-11	1.62126e-05	2.9564e-05	3.62399e-05	53.748
1481.5627	11.584	7.728033919999999e-11	2.86103e-05	-2.6703e-05	3.71935e-05	-50.712
1483.1577	11.588	7.730702439999999e-11	-3.81473e-06	-7.62945e-06	6.67575e-06	-21.036
1484.7321	11.592	7.73337096e-11	-4.7684e-06	1.52589e-05	1.23978e-05	93.576
1486.2973	11.596	7.73603948e-11	-1.90736e-06	0.0	3.81473e-06	180.0
1487.8831	11.6	7.738708e-11	-2.86104e-06	2.00273e-05	2.00273e-05	88.152
1489.451	11.604	7.74137652e-11	-4.7684e-06	2.00273e-05	2.00273e-05	105.42
1491.0309	11.608	7.74404504e-11	-3.81473e-06	-1.14442e-05	1.04905e-05	-70.02
1492.5804	11.612	7.746713559999999e-11	-1.62126e-05	1.90736e-06	1.71663e-05	170.22
1494.1799	11.616	7.749382079999999e-11	-6.67575e-06	-9.53682e-07	1.71663e-05	-178.362
1495.7308	11.62	7.752050599999999e-11	-3.14715e-05	-1.90736e-06	3.24252e-05	174.288
1497.3383	11.624	7.75471912e-11	-1.52589e-05	-2.0981e-05	2.57493e-05	-129.804
1499.1575	11.628	7.75738764e-11	0.0	4.57766e-05	4.57766e-05	79.992
1500.7252	11.632	7.76005616e-11	-1.33515e-05	-2.19346e-05	2.3842e-05	-130.428
1502.2796	11.636	7.76272468e-11	3.81473e-06	3.52862e-05	3.43325e-05	84.288
1503.8752	11.64	7.7653932e-11	1.90736e-06	6.67575e-06	4.7684e-06	36.87
1505.4235	11.644	7.768061719999999e-11	-3.81473e-06	-2.00273e-05	2.00273e-05	-121.608
1507.2483	11.648	7.770730239999999e-11	-4.7684e-06	-4.29156e-05	4.00546e-05	-92.91
1508.8395	11.652	7.773398759999999e-11	3.81473e-06	-2.76567e-05	2.86103e-05	-84.918
1510.4048	11.656	7.77606728e-11	3.52862e-05	2.86104e-06	4.48229e-05	11.31
1512.2422	11.66	7.7787358e-11	0.0	6.67575e-06	8.58313e-06	14.034
1513.84	11.664	7.78140432e-11	2.00273e-05	-9.53682e-07	2.3842e-05	14.382
1515.4223	11.668	7.784072839999999e-11	6.67575e-06	5.72208e-06	8.58313e-06	50.712
1516.9924	11.672	7.78674136e-11	2.86104e-06	-1.62126e-05	1.52589e-05	-70.824
1518.5974	11.676	7.78940988e-11	8.58313e-06	-6.67575e-06	5.72208e-06	-108.432
1520.1457	11.68	7.792078399999999e-11	4.7684e-06	1.52589e-05	1.62126e-05	59.418
1521.7234	11.684	7.794746919999999e-11	-9.5368e-06	-2.86104e-06	1.23978e-05	-159.774
1523.3074	11.688	7.79741544e-11	3.91009e-05	-2.28883e-05	4.86376e-05	-25.89
1524.8751	11.692	7.80008396e-11	2.86103e-05	1.90736e-05	3.33788e-05	42.648
1526.4585	11.696	7.80275248e-11	-1.81199e-05	6.67575e-06	1.33515e-05	135.0
1528.0496	11.7	7.805420999999999e-11	1.33515e-05	2.6703e-05	3.05178e-05	63.972
1529.6339	11.704	7.80808952e-11	2.00273e-05	-1.33515e-05	2.47956e-05	-23.808
1531.436	11.708	7.81075804e-11	1.04905e-05	1.23978e-05	1.81199e-05	47.604
1532.9876	11.712	7.81342656e-11	-2.9564e-05	-3.05178e-05	3.71935e-05	-129.522
1534.6067	11.716	7.81609508e-11	-6.67575e-06	-7.62945e-06	8.58313e-06	-105.948
1536.1685	11.72	7.8187636e-11	1.33515e-05	4.7684e-06	1.04905e-05	18.432
1537.7512	11.724	7.82143212e-11	-2.00273e-05	-3.33788e-05	3.81472e-05	-108.432
1539.575	11.728	7.824100639999999e-11	-1.33515e-05	1.14442e-05	1.71663e-05	135.0
1541.1483	11.732	7.826769159999999e-11	3.05178e-05	1.23978e-05	2.86103e-05	27.18
1542.7167	11.736	7.82943768e-11	4.10082e-05	-3.81472e-05	5.53133e-05	-39.096
1544.5538	11.74	7.8321062e-11	-1.90736e-06	8.58313e-06	1.04905e-05	158.748
1546.1036	11.744	7.83477472e-11	5.6267e-05	-2.86104e-06	5.43597e-05	0.714
1547.6938	11.748	7.83744324e-11	5.72208e-06	1.81199e-05	2.00273e-05	63.438
1549.2558	11.752	7.84011176e-11	-9.53682e-07	-1.43052e-05	1.33515e-05	-79.218
1550.8587	11.756	7.842780279999999e-11	-4.7684e-06	-6.67575e-06	1.23978e-05	-159.774
1552.445	11.76	7.845448799999999e-11	1.62126e-05	2.57493e-05	2.9564e-05	67.482
1554.0068	11.764	7.848117319999999e-11	1.90736e-06	1.90736e-05	1.71663e-05	75.966
1555.5747	11.768	7.85078584e-11	-2.3842e-05	3.52862e-05	3.91009e-05	115.68
1557.127	11.772	7.85345436e-11	2.6703e-05	1.04905e-05	2.57493e-05	22.38
1558.6778	11.776	7.85612288e-11	-1.14442e-05	2.19346e-05	2.28883e-05	117.348
1560.251	11.78	7.8587914e-11	-1.14442e-05	2.3842e-05	2.9564e-05	113.358
1561.8003	11.784	7.86145992e-11	3.81473e-06	9.5368e-06	1.23978e-05	38.658
1563.6384	11.788	7.86412844e-11	-1.62126e-05	-1.04905e-05	1.71663e-05	-127.692
1565.2577	11.792	7.866796959999999e-11	-9.53682e-07	1.71663e-05	1.52589e-05	112.38
1566.8335	11.796	7.869465479999999e-11	2.00273e-05	3.05178e-05	3.24252e-05	67.752
1568.3853	11.8	7.872134e-11	-2.28883e-05	-4.67303e-05	5.0545e-05	-114.192
1569.9689	11.804	7.87480252e-11	-1.90736e-05	-1.52589e-05	2.3842e-05	-152.7
1571.8	11.808	7.87747104e-11	2.28883e-05	3.14715e-05	3.33788e-05	68.43
1573.3658	11.812	7.880139559999999e-11	-2.9564e-05	-2.86104e-06	3.05178e-05	-176.496
1574.9499	11.816	7.88280808e-11	3.81473e-06	-4.7684e-06	3.81473e-06	-155.556
1576.5142	11.82	7.8854766e-11	9.5368e-06	0.0	1.33515e-05	16.926
1578.0639	11.824	7.88814512e-11	1.33515e-05	2.6703e-05	3.14715e-05	56.634
1579.9049	11.828	7.890813639999999e-11	4.29156e-05	-1.14442e-05	4.00546e-05	-12.174
1581.4585	11.832	7.89348216e-11	5.72208e-06	5.72208e-06	6.67575e-06	48.816
1583.037	11.836	7.89615068e-11	-6.67575e-06	1.90736e-06	1.04905e-05	160.71
1584.6283	11.84	7.8988192e-11	3.81473e-06	2.3842e-05	2.19346e-05	91.974
1586.2108	11.844	7.901487719999999e-11	-3.81473e-06	4.7684e-06	5.72208e-06	85.236
1587.794	11.848	7.90415624e-11	3.52862e-05	2.86104e-06	3.24252e-05	11.766
1589.3406	11.852	7.90682476e-11	1.14442e-05	-6.67575e-06	1.71663e-05	-22.482
1590.9123	11.856	7.90949328e-11	1.90736e-06	3.24252e-05	3.24252e-05	76.554
1592.4972	11.86	7.9121618e-11	1.62126e-05	-8.58313e-06	1.90736e-05	-17.244
1594.0806	11.864	7.91483032e-11	-3.33788e-05	-1.90736e-06	2.9564e-05	-170.754
1595.6473	11.868	7.91749884e-11	2.57493e-05	-9.5368e-06	2.19346e-05	-37.236
1597.2121	11.872	7.920167359999999e-11	2.76567e-05	-2.86104e-06	2.57493e-05	-10.716
1598.7614	11.876	7.922835879999999e-11	1.23978e-05	-1.33515e-05	2.00273e-05	-45.0
1600.3282	11.88	7.9255044e-11	-1.62126e-05	2.86104e-06	1.71663e-05	167.472
1601.9325	11.884	7.92817292e-11	2.19346e-05	-1.90736e-06	1.62126e-05	-3.012
1603.5	11.888	7.93084144e-11	-9.5368e-06	-6.67575e-06	7.62945e-06	-113.202
1605.0857	11.892	7.93350996e-11	1.90736e-06	-2.86104e-06	3.81473e-06	-36.87
1606.6482	11.896	7.936178480000001e-11	3.14715e-05	1.62126e-05	4.00546e-05	29.406
1608.2194	11.9	7.938846999999999e-11	-1.33515e-05	0.0	1.23978e-05	171.03